EpLenMean,EpRewMean,EpThisIter,EpisodesSoFar,TimeElapsed,TimestepsSoFar,entloss,entropy,ev_tdlam_before,meankl,optimgain,surrgain
271.6666666666667,-109.287704,15,15,5.020746946334839,4075,0.000567487,5.67487,0.001303255558013916,7.640387e-05,0.0032104207,0.0026429337
348.0,-109.20571,7,22,9.836148500442505,7656,0.0005674556,5.6745563,0.007274210453033447,8.899435e-05,0.0034709747,0.0029035192
412.037037037037,-108.77271,5,27,14.661162376403809,11125,0.000567196,5.67196,0.013320088386535645,8.321025e-05,0.0033967039,0.002829508
379.8,-109.131935,13,40,19.5817608833313,15192,0.0005668375,5.668375,0.05168139934539795,8.359442e-05,0.0029386897,0.0023718523
416.8,-112.55874,11,51,24.394165754318237,20476,0.0005667232,5.667232,0.11966860294342041,8.758692e-05,0.0033407602,0.002774037
418.45,-112.43768,6,57,29.220993995666504,24013,0.0005668387,5.6683874,0.22915798425674438,8.613945e-05,0.0031396775,0.0025728387
492.65,-112.939674,5,62,34.01093530654907,27362,0.000566584,5.66584,0.2389504313468933,8.7663764e-05,0.0037814705,0.0032148864
492.85,-113.25425,9,71,39.10532188415527,32680,0.00056652614,5.6652617,0.3212774991989136,8.852665e-05,0.003511079,0.0029445528
529.775,-112.33993,7,78,44.25207781791687,36244,0.00056674756,5.6674757,0.373579204082489,7.795918e-05,0.0031964548,0.0026297073
557.675,-112.53076,8,86,49.340434074401855,40852,0.00056680536,5.6680536,0.3183503746986389,8.841057e-05,0.003732089,0.0031652837
597.975,-113.53044,7,93,54.42661952972412,44569,0.00056684576,5.6684575,0.3055545687675476,7.868181e-05,0.0032354882,0.0026686424
564.725,-113.357704,5,98,59.47408723831177,48202,0.00056703883,5.6703887,0.534591794013977,8.139931e-05,0.003409634,0.0028425953
528.4,-113.16976,6,104,64.55503726005554,51698,0.0005672115,5.672115,0.5144540667533875,7.2368435e-05,0.004108534,0.003541323
639.925,-114.0104,4,108,69.56623196601868,56535,0.0005670341,5.6703415,-0.13415837287902832,8.455415e-05,0.0033344473,0.0027674132
564.15,-117.175735,11,119,74.7034342288971,60410,0.00056684564,5.6684566,0.44344091415405273,8.48777e-05,0.0033861496,0.002819304
596.5,-116.600464,7,126,79.77225995063782,64712,0.0005668128,5.668128,0.5301669836044312,8.038801e-05,0.0037834784,0.0032166657
595.4,-115.77843,6,132,84.83334064483643,68304,0.0005668392,5.668392,0.6460228264331818,8.977587e-05,0.0037103202,0.003143481
590.875,-115.68626,8,140,89.95027208328247,73508,0.00056670577,5.667058,0.5329447686672211,7.947651e-05,0.0039356826,0.0033689768
553.775,-115.721985,6,146,95.02598929405212,77049,0.0005666991,5.6669908,0.6938256323337555,8.130462e-05,0.0040737065,0.0035070071
521.55,-112.478294,9,155,100.10614848136902,80970,0.000566722,5.66722,0.5617685616016388,8.377548e-05,0.0028352006,0.0022684787
597.375,-112.71394,6,161,105.157395362854,85976,0.00056660315,5.666032,0.5546877682209015,8.567184e-05,0.004175911,0.003609308
582.5,-111.120766,7,168,110.23871636390686,89683,0.0005664957,5.664957,0.6833721697330475,8.8900444e-05,0.0036273017,0.003060806
543.125,-111.40251,6,174,115.30358004570007,93229,0.0005663834,5.6638346,0.7489897310733795,8.333314e-05,0.003892096,0.0033257126
618.85,-110.45023,6,180,120.35637593269348,98262,0.0005663005,5.6630054,0.7767038643360138,8.26786e-05,0.0044407817,0.003874481
579.5,-109.882645,12,192,125.5239007472992,102265,0.0005664148,5.6641483,0.6938277184963226,8.821969e-05,0.0037727968,0.003206382
575.375,-112.53096,7,199,130.58448576927185,105791,0.0005662289,5.6622887,0.42412787675857544,8.344503e-05,0.0035385792,0.0029723502
532.125,-112.293045,5,204,135.61204648017883,109145,0.000566047,5.66047,0.6532545387744904,8.3945386e-05,0.0037499357,0.0031838887
608.175,-112.49907,4,208,140.66041827201843,114010,0.0005660469,5.660469,0.16408073902130127,8.7345834e-05,0.0050581917,0.0044921446
493.35,-113.855484,11,219,145.76636862754822,117910,0.0005663644,5.663644,0.6008118391036987,8.462115e-05,0.0031740745,0.00260771
493.05,-113.75254,6,225,150.84465193748474,121389,0.00056635524,5.6635528,0.7962862849235535,8.4434185e-05,0.003718686,0.0031523309
606.925,-113.728516,4,229,155.87454867362976,126282,0.00056644646,5.664465,0.4693857431411743,8.643097e-05,0.004298483,0.0037320368
644.075,-113.36841,4,233,160.91040325164795,129628,0.00056654454,5.6654453,0.6436945497989655,7.984068e-05,0.0033128145,0.00274627
721.4,-110.38878,4,237,165.9659776687622,134473,0.00056637323,5.6637325,0.5621073842048645,9.328064e-05,0.0032127826,0.0026464092
759.0,-110.425804,3,240,170.96937918663025,137751,0.00056655286,5.665529,0.4722779393196106,8.581873e-05,0.0045872554,0.0040207026
687.45,-110.930885,10,250,176.08877515792847,143201,0.0005667726,5.667726,0.4102431535720825,9.2219714e-05,0.0035962996,0.003029527
726.3,-110.853226,2,252,181.113516330719,146401,0.00056669704,5.6669707,-15.870691299438477,8.44797e-05,0.0036024216,0.0030357246
841.175,-110.026306,4,256,186.17541337013245,151267,0.0005666418,5.666418,0.5322349071502686,7.492966e-05,0.005227494,0.0046608523
877.85,-109.74065,4,260,191.21710205078125,154624,0.0005667062,5.667062,0.47355449199676514,8.69902e-05,0.0038438118,0.0032771055
954.35,-111.25613,5,265,196.30030179023743,159563,0.00056660804,5.6660805,0.2927395701408386,8.653881e-05,0.0050463807,0.004479773
954.35,-111.35277,2,267,201.32690906524658,162763,0.00056655484,5.665549,-4.913334369659424,7.95595e-05,0.00392579,0.0033592351
991.4,-111.0094,4,271,206.3835952281952,167623,0.0005667167,5.667167,-4.735110759735107,8.579297e-05,0.0028210583,0.0022543415
953.525,-110.84379,4,275,211.44792985916138,170969,0.00056687224,5.6687226,0.6597684919834137,8.369573e-05,0.0044695535,0.0039026812
992.4,-110.30178,3,278,216.46972751617432,175769,0.0005668132,5.6681323,-6.699532508850098,9.205598e-05,0.004336362,0.0037695486
990.425,-110.20571,4,282,221.51130390167236,179108,0.0005667704,5.667704,0.45750999450683594,8.6835455e-05,0.0043991166,0.003832346
1103.3,-109.66179,4,286,226.56359434127808,183954,0.000566602,5.66602,0.36432433128356934,8.718336e-05,0.0038099128,0.0032433108
1141.225,-109.668015,3,289,231.5765836238861,187250,0.000566659,5.6665897,0.5543465614318848,7.904178e-05,0.0038643517,0.0032976926
1102.05,-109.811745,5,294,236.6465995311737,192149,0.000566512,5.66512,0.5141512453556061,8.690232e-05,0.0038469797,0.0032804678
1064.525,-109.8199,3,297,241.6794354915619,195448,0.000566479,5.66479,0.6539748311042786,9.1607464e-05,0.004014495,0.003448016
1042.05,-110.48997,7,304,246.77284264564514,199645,0.00056630844,5.6630845,0.41023242473602295,8.549403e-05,0.003154342,0.0025880337
927.7,-110.18878,7,311,251.85636162757874,204731,0.00056631025,5.6631026,0.7370023429393768,9.273998e-05,0.004480617,0.003914307
931.55,-113.523636,3,314,256.9002995491028,208144,0.00056616194,5.6616197,0.08032971620559692,9.09362e-05,0.0034279958,0.002861834
969.375,-113.39226,3,317,261.9148542881012,212944,0.00056634156,5.663416,-2.795034408569336,8.630694e-05,0.004078782,0.0035124405
969.375,-113.33093,2,319,266.9111590385437,216144,0.00056617794,5.6617794,-2.684438467025757,8.580893e-05,0.0039282865,0.0033621085
1045.9,-112.80127,3,322,271.9229094982147,220944,0.0005662824,5.6628246,-0.548011302947998,8.679708e-05,0.0030502486,0.0024839663
1045.9,-113.16451,2,324,276.96926164627075,224144,0.00056599296,5.6599298,0.012498080730438232,9.179358e-05,0.002660295,0.002094302
1044.7,-113.08262,5,329,282.02275347709656,229038,0.0005660639,5.6606393,0.32456111907958984,8.505162e-05,0.0037755203,0.0032094563
1006.3,-112.843506,4,333,287.08635783195496,232361,0.00056623336,5.6623335,0.7696565836668015,8.640168e-05,0.004106794,0.0035405606
1006.175,-112.482056,5,338,292.14945363998413,237295,0.0005663107,5.6631074,0.7997522056102753,8.942763e-05,0.004696309,0.0041299984
1083.075,-111.94945,2,340,297.14415311813354,240495,0.0005663802,5.663802,-7.50654411315918,8.912882e-05,0.004499863,0.003933483
1143.125,-110.61792,4,344,302.1860091686249,245370,0.00056633254,5.6633253,0.26697486639022827,8.786053e-05,0.0047703306,0.004203998
1181.325,-110.47737,2,346,307.1994230747223,248570,0.0005661539,5.661539,-2.1140332221984863,8.117048e-05,0.0053624148,0.004796261
1295.975,-110.61521,3,349,312.24427795410156,253370,0.0005660564,5.660564,-2.628232479095459,8.7153996e-05,0.003716649,0.0031505926
1295.975,-110.42351,2,351,317.2637495994568,256570,0.0005661616,5.661616,-0.5009450912475586,8.751257e-05,0.0036524702,0.0030863087
1330.65,-106.651566,3,354,322.2676899433136,261370,0.00056613714,5.6613717,-0.2893390655517578,8.767712e-05,0.0026904303,0.0021242932
1292.325,-107.081276,4,358,327.28848099708557,266237,0.0005661132,5.6611323,0.1825656294822693,8.913332e-05,0.004203311,0.003637198
1254.025,-107.32744,3,361,332.3148727416992,269505,0.0005660469,5.660469,0.7838922142982483,8.2033264e-05,0.0049058152,0.004339768
1254.025,-107.41325,3,364,337.35452604293823,274305,0.00056592654,5.6592655,-1.8569340705871582,8.031748e-05,0.0045420877,0.003976161
1292.7,-107.349464,2,366,342.33957052230835,277505,0.00056584267,5.658427,-0.07613062858581543,9.254918e-05,0.0031935372,0.0026276945
1331.675,-106.81277,3,369,347.3825418949127,282305,0.000565454,5.6545405,-0.068939208984375,9.287501e-05,0.0029123742,0.00234692
1370.1,-106.94739,2,371,352.3993043899536,285505,0.0005652094,5.6520944,-0.01996469497680664,9.327795e-05,0.0037182102,0.0031530007
1408.6,-106.44032,3,374,357.43682622909546,290305,0.00056502275,5.6502275,-0.0983419418334961,8.997241e-05,0.0028450047,0.002279982
1446.45,-106.45917,2,376,362.4846782684326,293505,0.00056477054,5.6477056,-0.1117253303527832,8.836361e-05,0.0027604818,0.0021957112
1485.25,-106.78367,3,379,367.5206892490387,298305,0.00056454266,5.6454268,-0.015394449234008789,9.1851776e-05,0.002447282,0.0018827392
1485.25,-106.5923,2,381,372.55127024650574,301505,0.00056451827,5.6451826,-0.11592566967010498,9.09581e-05,0.0027007232,0.0021362049
1485.05,-106.25627,4,385,377.5779278278351,306372,0.0005645036,5.645036,0.44789308309555054,9.0408605e-05,0.005318245,0.0047537414
1485.05,-105.87097,3,388,382.56981086730957,311172,0.0005644124,5.644124,-3.708486557006836,9.1499765e-05,0.0043417914,0.0037773792
1485.05,-105.35463,2,390,387.5620074272156,314372,0.0005643245,5.643245,-0.0012445449829101562,9.0652466e-05,0.0028541835,0.002289859
1485.05,-105.17761,3,393,392.5647554397583,319172,0.0005643088,5.643088,0.05195552110671997,8.121724e-05,0.003367763,0.0028034542
1485.05,-105.17787,2,395,397.55987882614136,322372,0.00056411343,5.6411347,0.00532907247543335,8.8130764e-05,0.0032659036,0.00270179
1523.375,-104.69669,3,398,402.6049847602844,327172,0.0005642106,5.642106,0.10689979791641235,8.930074e-05,0.0025514567,0.001987246
1561.675,-104.24272,2,400,407.60963463783264,330372,0.00056430604,5.6430607,0.11497056484222412,8.543422e-05,0.0026827524,0.0021184464
1561.675,-103.87944,3,403,412.6486551761627,335172,0.0005641427,5.6414275,0.04785358905792236,9.071037e-05,0.002292574,0.0017284313
1561.675,-103.64879,2,405,417.5993449687958,338372,0.0005640137,5.640137,0.16016244888305664,9.0763824e-05,0.0029923515,0.0024283377
1561.675,-102.95603,3,408,422.60863304138184,343172,0.0005637858,5.637858,0.3065919280052185,8.7151435e-05,0.0031516906,0.0025879047
1561.675,-102.2823,3,411,427.63481307029724,347972,0.0005634298,5.634298,0.22707653045654297,8.847375e-05,0.0028741956,0.002310766
1561.675,-102.4991,2,413,432.65558338165283,351172,0.00056288845,5.628885,0.2688226103782654,8.8190995e-05,0.003441546,0.0028786575
1561.675,-101.243034,3,416,437.6454668045044,355972,0.00056269736,5.6269736,0.37180274724960327,8.6000844e-05,0.0023204582,0.0017577608
1561.675,-100.550064,2,418,442.6245810985565,359172,0.000562551,5.62551,0.07067859172821045,9.318611e-05,0.0026174712,0.0020549202
1561.675,-99.700874,3,421,447.6414747238159,363972,0.0005624023,5.624023,0.34815847873687744,8.642777e-05,0.0022691013,0.0017066991
1561.675,-99.117935,2,423,452.6139295101166,367172,0.00056223996,5.6224,0.23632174730300903,8.593121e-05,0.0027506696,0.0021884297
1600.0,-98.39183,3,426,457.61020374298096,371972,0.0005623372,5.6233726,0.2103690505027771,9.036277e-05,0.0025436862,0.001981349
1600.0,-97.444405,3,429,462.62444400787354,376772,0.0005622804,5.622804,0.13154184818267822,8.3448336e-05,0.002415368,0.0018530877
1600.0,-96.89909,2,431,467.63013887405396,379972,0.0005622316,5.622316,0.37231820821762085,8.3058956e-05,0.0029357756,0.002373544
1561.2,-97.23934,4,435,472.68039536476135,384820,0.0005622153,5.622153,-0.0855867862701416,7.46212e-05,0.0049011926,0.0043389774
1561.2,-96.80385,2,437,477.69490003585815,388020,0.0005622053,5.6220536,-14.190730094909668,9.481624e-05,0.006166646,0.0056044403
1561.2,-96.92457,3,440,482.6922390460968,392820,0.0005621336,5.6213365,-1.512664556503296,7.563729e-05,0.0037042936,0.00314216
1561.2,-96.56144,2,442,487.66976499557495,396020,0.00056198065,5.619807,0.051839232444763184,8.764351e-05,0.002616203,0.0020542224
1561.2,-96.57153,3,445,492.67017340660095,400820,0.0005619611,5.6196113,0.09545457363128662,9.092085e-05,0.0024808485,0.0019188874
1561.2,-96.66408,2,447,497.69034719467163,404020,0.00056192273,5.6192274,-0.06545758247375488,8.278467e-05,0.0031837465,0.0026218237
1561.2,-96.2684,3,450,502.7026069164276,408820,0.00056142744,5.6142745,0.1502097249031067,9.687152e-05,0.0025033373,0.00194191
1561.2,-95.5099,3,453,507.72555232048035,413620,0.0005610193,5.6101933,0.05732131004333496,8.228619e-05,0.0027243337,0.0021633143
1561.2,-95.57521,2,455,512.711905002594,416820,0.0005609304,5.6093044,0.14983201026916504,8.946862e-05,0.0025116652,0.0019507348
1561.2,-95.8745,3,458,517.7199349403381,421620,0.0005610509,5.610509,0.13776952028274536,9.4811156e-05,0.00394058,0.0033795289
1561.2,-96.44379,2,460,522.7377648353577,424820,0.0005608576,5.608576,0.15665972232818604,8.905928e-05,0.0030618194,0.0025009618
1561.2,-96.37024,3,463,527.7555706501007,429620,0.0005608176,5.608176,0.13717776536941528,9.343936e-05,0.0027953112,0.0022344936
1561.2,-96.62154,2,465,532.7673299312592,432820,0.0005610352,5.610352,0.34158825874328613,9.313013e-05,0.0028251456,0.0022641104
1561.2,-96.72828,3,468,537.7715103626251,437620,0.0005609462,5.609462,0.1895039677619934,8.615794e-05,0.002436521,0.0018755748
1561.2,-96.757286,2,470,542.7841937541962,440820,0.0005606932,5.606932,0.16368043422698975,9.040917e-05,0.0025789128,0.0020182196
1561.2,-96.20908,3,473,547.7986307144165,445620,0.00056049746,5.6049747,0.22837817668914795,9.214206e-05,0.002525339,0.0019648415
1600.0,-95.80904,3,476,552.8215990066528,450420,0.00056021335,5.6021338,0.004512906074523926,9.382561e-05,0.0026651984,0.002104985
1600.0,-96.096214,2,478,557.8317558765411,453620,0.00055994355,5.599436,0.20383578538894653,9.1062626e-05,0.0026144662,0.0020545227
1600.0,-95.54298,3,481,562.8275661468506,458420,0.00055998366,5.599837,0.2922338843345642,9.239938e-05,0.003119472,0.0025594882
1562.175,-95.64981,3,484,567.8365366458893,461707,0.0005599588,5.599588,0.2578396201133728,9.100673e-05,0.0054188007,0.004858842
1562.175,-95.002365,3,487,572.840784072876,466507,0.00055980583,5.5980587,-6.114050388336182,9.044408e-05,0.004497542,0.003937736
1562.175,-94.91188,2,489,577.8311347961426,469707,0.00055966753,5.5966754,-0.11800158023834229,9.067917e-05,0.0044428864,0.0038832189
1562.175,-94.93713,3,492,582.8641932010651,474507,0.00055922853,5.5922856,0.04816174507141113,9.4825125e-05,0.0025018475,0.0019426189
1562.175,-94.71249,2,494,587.8439345359802,477707,0.0005592462,5.5924625,0.11212962865829468,9.633384e-05,0.002672105,0.002112859
1562.175,-94.42419,3,497,592.8483924865723,482507,0.00055924593,5.592459,0.2565690875053406,8.625886e-05,0.003190255,0.002631009
1562.175,-94.17124,3,500,597.8754999637604,487307,0.00055937504,5.5937505,0.062199175357818604,9.2110306e-05,0.0027650916,0.0022057164
1562.175,-93.7948,2,502,602.8878397941589,490507,0.00055931916,5.5931916,0.17771607637405396,8.93618e-05,0.0023778859,0.0018185666
1523.8,-93.77771,4,506,607.9207475185394,495372,0.0005592108,5.592108,-0.10319089889526367,8.749185e-05,0.006155345,0.0055961343
1523.8,-93.58218,2,508,612.8962304592133,498572,0.0005590399,5.590399,-1.728900671005249,9.288059e-05,0.004500808,0.0039417683
1523.8,-93.43851,3,511,617.9329898357391,503372,0.00055875635,5.5875635,-2.3055779933929443,8.201355e-05,0.003075942,0.0025171856
1523.8,-93.29133,2,513,622.908185005188,506572,0.0005583247,5.583247,-0.08143353462219238,9.443979e-05,0.0027451299,0.0021868052
1523.8,-92.78091,3,516,627.9225766658783,511372,0.0005584787,5.584787,-0.0985403060913086,8.985624e-05,0.003419234,0.0028607552
1523.8,-92.302986,2,518,632.9002752304077,514572,0.0005582525,5.5825253,-0.12299060821533203,8.7585606e-05,0.0032951671,0.0027369147
1523.8,-92.05757,3,521,637.9088189601898,519372,0.00055807235,5.580724,0.024716734886169434,9.4030154e-05,0.0026147212,0.002056649
1561.625,-91.11289,3,524,642.8921763896942,524172,0.0005577566,5.5775657,0.19001013040542603,9.670916e-05,0.0026005858,0.0020428293
1561.625,-91.222374,2,526,647.9044713973999,527372,0.00055752,5.5752,0.07681530714035034,9.5505064e-05,0.0024627552,0.0019052352
1561.625,-90.86711,3,529,652.9310290813446,532172,0.00055732374,5.5732374,0.18314462900161743,8.960557e-05,0.0023658199,0.0018084961
1561.625,-90.354965,2,531,657.9016988277435,535372,0.0005568843,5.568843,0.2806923985481262,9.2130445e-05,0.0025975062,0.0020406218
1561.625,-90.10317,3,534,662.919459104538,540172,0.0005565412,5.565412,0.1348065733909607,9.262172e-05,0.0023060236,0.0017494825
1561.625,-89.36029,2,536,667.9125783443451,543372,0.0005565669,5.5656695,0.16421842575073242,9.3194685e-05,0.0024040388,0.0018474718
1561.625,-88.957436,3,539,672.9319133758545,548172,0.0005567055,5.567055,0.21692192554473877,9.208928e-05,0.002365577,0.0018088714
1561.625,-88.709595,2,541,677.9415035247803,551372,0.00055664923,5.5664926,0.17955166101455688,9.5594856e-05,0.0023702432,0.001813594
1600.0,-87.56654,3,544,682.9747471809387,556172,0.00055676966,5.567697,0.3210132122039795,9.103777e-05,0.0027232366,0.0021664668
1600.0,-87.559814,3,547,687.9944894313812,560972,0.0005568604,5.568604,0.010768234729766846,9.127309e-05,0.002408657,0.0018517965
1600.0,-87.099144,2,549,692.9906861782074,564172,0.000556761,5.5676103,-0.05934703350067139,9.280228e-05,0.0032935478,0.0027367868
1600.0,-86.8443,3,552,697.9944672584534,568972,0.0005564785,5.564785,0.49139803647994995,9.073277e-05,0.002518643,0.0019621644
1600.0,-86.24447,2,554,702.974523305893,572172,0.0005562966,5.5629663,0.2126113772392273,9.466444e-05,0.0022722764,0.0017159798
1600.0,-86.197395,3,557,707.9877002239227,576972,0.00055638776,5.5638776,0.26810091733932495,8.992967e-05,0.0029372412,0.0023808535
1600.0,-86.411995,2,559,712.9726333618164,580172,0.00055611925,5.5611925,0.22798168659210205,9.4593124e-05,0.0033997905,0.0028436712
1600.0,-85.660385,3,562,717.9789805412292,584972,0.0005559304,5.559304,0.204603910446167,9.519118e-05,0.0024342774,0.0018783469
1600.0,-85.72831,3,565,722.9813718795776,589772,0.00055607077,5.5607076,0.09576523303985596,8.4681946e-05,0.0031268373,0.0025707665
1600.0,-85.18467,2,567,727.9834327697754,592972,0.0005558681,5.558681,0.18001985549926758,9.6542004e-05,0.002704683,0.002148815
1600.0,-85.04468,3,570,732.9880249500275,597772,0.00055520236,5.552024,0.44044965505599976,9.3647584e-05,0.002359121,0.0018039187
1600.0,-84.71835,2,572,738.0224831104279,600972,0.0005544504,5.544504,0.15170174837112427,9.052821e-05,0.00223227,0.0016778198
1600.0,-84.52577,3,575,743.007420539856,605772,0.00055422366,5.542237,0.2827272415161133,9.0290836e-05,0.0025044219,0.0019501983
1600.0,-84.21269,2,577,748.03098487854,608972,0.00055375765,5.5375767,0.3268452286720276,9.137225e-05,0.0025953494,0.0020415918
1600.0,-83.79198,3,580,753.0395052433014,613772,0.0005536307,5.536307,0.26504969596862793,8.8075154e-05,0.0026471794,0.0020935487
1561.725,-83.77809,3,583,758.0331001281738,617041,0.0005535073,5.5350733,0.15430355072021484,9.533843e-05,0.0053413585,0.004787851
1561.725,-83.63562,3,586,763.0401253700256,621841,0.00055346685,5.5346684,-0.7424321174621582,7.6053446e-05,0.0035573964,0.0030039295
1561.725,-83.2822,3,589,768.0630037784576,626641,0.00055376155,5.537616,-0.05283951759338379,8.7076245e-05,0.0033919099,0.0028381483
1561.725,-83.538124,2,591,773.0538449287415,629841,0.00055351737,5.535174,0.1891118288040161,9.270565e-05,0.003133561,0.0025800436
1561.725,-83.39295,3,594,778.0665214061737,634641,0.00055327977,5.532798,0.2578052878379822,9.356536e-05,0.0026762462,0.0021229663
1561.725,-82.87345,2,596,783.0482614040375,637841,0.0005531411,5.531411,0.07625699043273926,9.682673e-05,0.00236241,0.001809269
1561.725,-82.00407,3,599,788.0895593166351,642641,0.0005528814,5.5288143,0.30462610721588135,9.16674e-05,0.002505269,0.0019523874
1561.725,-82.09645,2,601,793.1055810451508,645841,0.0005527849,5.5278487,0.4585118889808655,9.370434e-05,0.0024864455,0.0019336606
1561.725,-81.93203,3,604,798.1486990451813,650641,0.00055241515,5.524152,0.39794355630874634,9.423455e-05,0.0026237203,0.0020713052
1561.725,-81.81958,2,606,803.1078033447266,653841,0.0005522722,5.5227222,0.4207058548927307,9.2567934e-05,0.0025208057,0.0019685335
1561.725,-81.27344,3,609,808.0817973613739,658641,0.00055170053,5.5170054,0.46153759956359863,9.382129e-05,0.002498282,0.0019465813
1523.175,-81.44393,4,613,813.1338179111481,663499,0.000551751,5.5175104,-0.059567809104919434,7.9597754e-05,0.0043043704,0.0037526195
1523.175,-81.162125,2,615,818.1323430538177,666699,0.0005514383,5.5143833,-0.5456773042678833,9.1450886e-05,0.003443725,0.0028922865
1523.175,-81.45947,3,618,823.1264867782593,671499,0.00055154687,5.515469,-1.3385953903198242,9.129723e-05,0.004455246,0.0039036993
1523.175,-81.233574,2,620,828.1155307292938,674699,0.00055142475,5.5142474,-0.04086709022521973,8.7666354e-05,0.00329866,0.0027472354
1561.45,-80.225945,3,623,833.1039876937866,679499,0.0005513916,5.5139165,0.20687341690063477,8.682643e-05,0.0032718226,0.002720431
1561.45,-79.702545,2,625,838.0854706764221,682699,0.0005513189,5.5131893,0.23204398155212402,8.719119e-05,0.0024416095,0.0018902905
1561.45,-79.32808,3,628,843.1071438789368,687499,0.0005513987,5.5139875,0.011164486408233643,9.135337e-05,0.0023884706,0.0018370718
1561.45,-78.87309,2,630,848.093542098999,690699,0.0005513743,5.513743,0.29726743698120117,9.116583e-05,0.0025274125,0.0019760383
1561.45,-78.788055,3,633,853.1021175384521,695499,0.0005510724,5.5107245,0.3049982786178589,0.000100358375,0.002634589,0.0020835167
1561.45,-78.52885,3,636,858.1116092205048,700299,0.00055104983,5.5104985,0.09472531080245972,8.7617445e-05,0.002259558,0.0017085082
1523.5,-79.63728,3,639,863.0950231552124,703581,0.00055109913,5.5109916,-0.023674368858337402,9.298307e-05,0.005043825,0.004492726
1523.5,-79.00727,3,642,868.1108484268188,708381,0.00055109855,5.510986,-13.214648246765137,8.5486055e-05,0.004077795,0.0035266965
1523.5,-78.60237,2,644,873.0931973457336,711581,0.0005512364,5.512364,0.060440123081207275,9.121133e-05,0.002847463,0.0022962266
1523.5,-78.31942,3,647,878.0885045528412,716381,0.0005511142,5.5111423,-0.5374636650085449,8.750532e-05,0.0032474706,0.0026963565
1523.5,-78.56328,2,649,883.0467674732208,719581,0.000551001,5.5100102,0.17561429738998413,9.557832e-05,0.0027418432,0.0021908423
1562.05,-77.33217,3,652,888.0675027370453,724381,0.0005508233,5.508233,0.12817037105560303,9.690809e-05,0.0031692428,0.0026184195
1562.05,-76.96426,2,654,893.0428895950317,727581,0.00055083714,5.5083714,0.10603469610214233,8.977135e-05,0.0024915994,0.0019407624
1562.05,-76.011475,3,657,898.0099453926086,732381,0.00055049715,5.5049715,0.06441503763198853,9.423186e-05,0.0024729155,0.0019224182
1562.05,-75.645035,3,660,902.9924948215485,737181,0.00055040827,5.5040827,0.09163230657577515,9.140844e-05,0.002426366,0.0018759578
1525.475,-76.25613,3,663,907.9562168121338,740518,0.0005502935,5.502935,0.20374035835266113,8.7761204e-05,0.0032406687,0.0026903753
1525.475,-76.18267,3,666,912.955016374588,745318,0.0005501726,5.501726,-15.309125900268555,8.6625165e-05,0.0034747678,0.0029245953
1525.475,-76.0182,2,668,917.934253692627,748518,0.000550242,5.5024204,0.256905198097229,9.389821e-05,0.002845671,0.002295429
1525.475,-75.612144,3,671,922.9508285522461,753318,0.000550439,5.5043902,0.1479198932647705,9.4010524e-05,0.0028676875,0.0023172484
1525.475,-75.77095,2,673,927.946780204773,756518,0.0005501796,5.5017962,0.03669220209121704,9.5246985e-05,0.0031456351,0.0025954556
1525.475,-75.402794,3,676,932.9441039562225,761318,0.0005497807,5.4978075,-0.22887897491455078,9.05848e-05,0.0029121127,0.002362332
1525.475,-75.25682,2,678,937.945426940918,764518,0.00054973323,5.4973326,0.37343937158584595,8.942101e-05,0.0030134777,0.0024637445
1563.425,-73.49245,3,681,942.9562938213348,769318,0.0005497808,5.497808,0.27609091997146606,9.5871015e-05,0.0028337794,0.0022839988
1563.425,-73.60619,3,684,947.9346907138824,774118,0.00054982735,5.498274,0.15571671724319458,9.090743e-05,0.0025318754,0.0019820482
1563.425,-73.22795,2,686,952.9027986526489,777318,0.0005499023,5.4990234,0.2528512477874756,9.355821e-05,0.0027530473,0.002203145
1494.45,-75.31151,4,690,957.9119145870209,780959,0.00054991787,5.499179,0.11598199605941772,8.93886e-05,0.0043787477,0.0038288296
1494.45,-75.23661,3,693,962.9042253494263,785759,0.0005496586,5.4965863,-52.63853454589844,8.480286e-05,0.0030336434,0.0024839847
1494.45,-75.488144,2,695,967.8713171482086,788959,0.0005493967,5.493967,-0.15548574924468994,9.3113034e-05,0.0026920906,0.0021426938
1494.45,-75.54341,3,698,972.8462002277374,793759,0.0005494544,5.4945445,-0.016326069831848145,9.2734364e-05,0.0025955555,0.002046101
1458.1,-75.96182,4,702,977.8319888114929,798705,0.0005493475,5.493475,0.3555372357368469,9.494033e-05,0.0038034231,0.0032540758
1456.5,-75.89002,3,705,982.8045797348022,801978,0.00054934307,5.4934306,0.6418153941631317,8.737833e-05,0.0044398033,0.0038904604
1456.5,-75.42613,3,708,987.7956938743591,806778,0.00054929184,5.4929185,-2.6820716857910156,9.285699e-05,0.0044007148,0.0038514228
1418.125,-76.11084,3,711,992.7931387424469,810043,0.0005492182,5.4921823,0.0509304404258728,8.940771e-05,0.0051371953,0.004587977
1418.125,-75.623795,3,714,997.8008913993835,814843,0.00054925034,5.4925036,-6.390749931335449,8.603066e-05,0.0036156839,0.0030664336
1384.55,-76.38478,3,717,1002.7952663898468,818300,0.0005492992,5.492992,0.49073314666748047,8.365861e-05,0.0033610715,0.0028117723
1384.55,-76.337135,3,720,1007.8153510093689,823100,0.0005489418,5.489418,-0.9035772085189819,8.731632e-05,0.002934142,0.0023852002
1384.55,-76.476036,2,722,1012.7861046791077,826300,0.00054885267,5.488527,0.14454305171966553,9.304672e-05,0.003595387,0.0030465345
1347.025,-77.39522,4,726,1017.7815790176392,831199,0.00054882857,5.4882855,0.11140841245651245,8.713988e-05,0.0042881942,0.0037393658
1377.875,-76.211235,2,728,1022.7828192710876,834399,0.0005487321,5.4873214,-6.78652286529541,9.228551e-05,0.0051936773,0.0046449453
1380.725,-78.71744,4,732,1027.7882180213928,839388,0.0005489174,5.489174,0.44832170009613037,8.6289074e-05,0.0029084065,0.0023594892
1342.425,-79.287895,3,735,1032.7884030342102,842656,0.0005489019,5.4890194,0.5137724280357361,8.1346254e-05,0.0037742155,0.0032253135
1342.425,-79.24787,3,738,1037.8125486373901,847456,0.00054882764,5.4882765,-3.131789207458496,8.947129e-05,0.0042585353,0.0037097079
1378.775,-78.36121,2,740,1042.7784714698792,850656,0.0005488059,5.4880595,-0.1308356523513794,9.167212e-05,0.004491412,0.003942606
1341.2,-79.882065,4,744,1047.804544210434,855553,0.000548893,5.48893,0.4703947901725769,8.600051e-05,0.0039037918,0.0033548987
1379.375,-78.57132,2,746,1052.758927822113,858753,0.0005488857,5.4888573,-1.5669853687286377,9.162913e-05,0.0038743108,0.003325425
1379.375,-78.44632,3,749,1057.7372694015503,863553,0.0005488609,5.488609,0.3478802442550659,9.485676e-05,0.0026850458,0.002136185
1417.75,-77.150536,2,751,1062.7135956287384,866753,0.00054858177,5.485818,0.043368637561798096,9.2373375e-05,0.003091274,0.0025426922
1417.75,-76.98454,3,754,1067.7073543071747,871553,0.00054871314,5.4871316,-4.00186014175415,8.6858665e-05,0.005420885,0.004872172
1451.325,-75.837135,3,757,1072.7098128795624,876353,0.00054877077,5.487708,0.3962390422821045,9.199935e-05,0.0027173874,0.0021686165
1451.325,-75.517075,2,759,1077.6615266799927,879553,0.0005486489,5.486489,0.30744004249572754,8.780477e-05,0.0027888424,0.0022401935
1451.325,-75.6163,3,762,1082.643490076065,884353,0.00054865715,5.486572,0.08647698163986206,9.136588e-05,0.0026073908,0.0020587335
1451.325,-75.77407,2,764,1087.5998857021332,887553,0.00054828223,5.4828224,0.2537684440612793,9.199612e-05,0.0028506573,0.0023023752
1426.125,-73.34216,5,769,1092.6305837631226,892919,0.00054807134,5.4807134,0.5029193758964539,9.5352836e-05,0.0033772062,0.0028291347
1426.125,-72.91583,2,771,1097.610702753067,896119,0.00054820057,5.4820056,-0.7740674018859863,9.884749e-05,0.0031545367,0.0026063363
1468.525,-71.89159,3,774,1102.6029603481293,899797,0.0005484108,5.4841084,0.7130458950996399,9.2057744e-05,0.002870169,0.0023217583
1468.525,-71.086655,3,777,1107.5866212844849,904597,0.0005483892,5.4838924,-0.4208705425262451,9.670532e-05,0.0026807021,0.0021323129
1431.35,-71.97888,3,780,1112.5884418487549,907910,0.0005482733,5.4827332,0.8675214499235153,9.216587e-05,0.004196819,0.0036485458
1468.925,-70.38295,3,783,1117.5622057914734,912710,0.00054828887,5.4828887,-0.9567747116088867,9.478384e-05,0.005123286,0.0045749974
1468.925,-70.367935,2,785,1122.5254919528961,915910,0.0005477034,5.477034,0.09607106447219849,9.068253e-05,0.0028260741,0.0022783708
1468.925,-70.209984,3,788,1127.52051115036,920710,0.00054792524,5.4792523,0.2767512798309326,9.878659e-05,0.0028668225,0.0023188973
1468.925,-70.44716,3,791,1132.555834531784,925510,0.00054768944,5.4768944,0.30808162689208984,9.5669064e-05,0.0027154265,0.002167737
1468.925,-70.25964,2,793,1137.5283389091492,928710,0.0005474587,5.4745874,0.21060121059417725,9.663211e-05,0.0026116148,0.002064156
1468.925,-69.624,3,796,1142.4951355457306,933510,0.0005471348,5.471348,-3.323258876800537,8.6042826e-05,0.0033391889,0.002792054
1468.925,-70.01184,2,798,1147.4807851314545,936710,0.00054673577,5.4673576,0.3240320682525635,9.331222e-05,0.0024453285,0.0018985928
1468.925,-69.529884,3,801,1152.4632024765015,941510,0.00054670236,5.467024,0.22356438636779785,9.1831826e-05,0.0024458463,0.0018991439
1451.5,-71.42146,3,804,1157.4449200630188,945613,0.00054667244,5.4667244,0.5652375519275665,8.739224e-05,0.002983937,0.0024372647
1480.7,-70.207565,2,806,1162.3906571865082,948813,0.0005466558,5.466558,0.08513838052749634,9.456485e-05,0.0033123738,0.002765718
1517.35,-69.25358,3,809,1167.3833763599396,953613,0.00054650666,5.465067,0.3175995945930481,9.618093e-05,0.002693279,0.0021467723
1490.65,-70.65659,3,812,1172.3671038150787,957345,0.00054636237,5.4636235,0.7629185616970062,8.70606e-05,0.0030503697,0.0025040074
1518.7,-69.304054,3,815,1177.3447875976562,962145,0.000546385,5.46385,-3.234919548034668,9.599433e-05,0.0038196305,0.0032732454
1518.7,-69.23451,2,817,1182.3143746852875,965345,0.00054592505,5.459251,0.2580624222755432,9.7388285e-05,0.0028079764,0.0022620515
1555.875,-67.864174,3,820,1187.3000922203064,970145,0.00054600456,5.460046,0.1992931365966797,9.2469825e-05,0.0033151237,0.002769119
1517.575,-69.71586,3,823,1192.2611453533173,973413,0.00054603774,5.4603777,0.159784197807312,8.639495e-05,0.0047350056,0.004188968
1517.575,-68.75755,3,826,1197.2427036762238,978213,0.0005460273,5.4602733,-4.82055139541626,9.26003e-05,0.0044944407,0.0039484133
1479.35,-69.51311,3,829,1202.209305524826,981484,0.0005459696,5.459696,0.29253488779067993,9.538274e-05,0.004776566,0.004230596
1479.35,-69.3546,3,832,1207.185183763504,986284,0.0005459233,5.4592333,-3.380293369293213,8.910992e-05,0.0033310817,0.0027851583
1479.35,-69.34479,3,835,1212.1873223781586,991084,0.0005459644,5.4596443,-1.718506097793579,9.0355374e-05,0.004309105,0.0037631406
1479.35,-68.55389,2,837,1217.1614015102386,994284,0.00054565433,5.4565434,0.10950076580047607,9.3361494e-05,0.0028437516,0.0022980971
1471.725,-70.80623,3,840,1222.1440343856812,998779,0.0005454518,5.4545183,0.3176029324531555,9.52525e-05,0.0032504937,0.0027050418
1471.725,-71.07799,2,842,1227.103705406189,1001979,0.0005449796,5.449796,-4.059736728668213,9.282664e-05,0.002732459,0.0021874793
1489.15,-68.52057,3,845,1232.1013283729553,1006779,0.00054482423,5.4482427,0.19347679615020752,9.423356e-05,0.0032177637,0.0026729396
1432.6,-71.38483,4,849,1237.1202647686005,1010917,0.0005448662,5.4486623,0.602272093296051,8.948331e-05,0.0033219527,0.0027770863
1459.3,-69.43623,3,852,1242.0934805870056,1015717,0.0005445539,5.4455395,0.21084123849868774,9.5913725e-05,0.0030440786,0.0024995247
1422.65,-70.47947,3,855,1247.0829119682312,1019051,0.00054458063,5.4458065,0.8891582787036896,9.577193e-05,0.003545358,0.0030007774
1422.65,-70.05612,3,858,1252.0517408847809,1023851,0.0005445471,5.4454713,-0.816920280456543,9.750006e-05,0.003683413,0.0031388658
1422.65,-70.0718,2,860,1257.021568775177,1027051,0.00054431165,5.4431167,-7.399553298950195,9.429779e-05,0.0029719707,0.002427659
1460.95,-67.50195,3,863,1261.986178636551,1031851,0.0005441984,5.441984,0.06466561555862427,9.319579e-05,0.0032739826,0.0027297842
1460.95,-68.039955,2,865,1266.955637216568,1035051,0.00054431835,5.443184,0.23795288801193237,9.356532e-05,0.002911821,0.0023675028
1460.95,-68.19852,3,868,1271.903915643692,1039851,0.0005445972,5.4459724,0.411953866481781,9.252454e-05,0.0028087373,0.0022641402
1499.175,-66.42902,2,870,1276.8751022815704,1043051,0.0005440763,5.4407635,0.10204613208770752,9.4382034e-05,0.0027767795,0.0022327031
1499.175,-66.83149,3,873,1281.8596227169037,1047851,0.0005438471,5.4384713,0.2269241213798523,9.658285e-05,0.002630256,0.002086409
1483.8,-68.55162,3,876,1286.8348143100739,1052036,0.000544118,5.44118,0.7374101281166077,8.683886e-05,0.0030196344,0.0024755164
1483.8,-68.52901,2,878,1291.8031828403473,1055236,0.0005434815,5.434815,0.3329848647117615,9.585191e-05,0.002437656,0.0018941745
1491.425,-65.850845,3,881,1296.7785003185272,1060036,0.00054283935,5.428394,0.46461403369903564,9.459593e-05,0.0027788647,0.0022360254
1491.425,-65.068306,3,884,1301.7316780090332,1064836,0.000542709,5.4270906,0.21229147911071777,9.548188e-05,0.0025759889,0.00203328
1491.425,-64.71783,2,886,1306.694168806076,1068036,0.0005429683,5.429683,-0.29167938232421875,9.560368e-05,0.0041971058,0.0036541377
1547.975,-60.76667,3,889,1311.6479263305664,1072836,0.00054262,5.4262004,0.40238988399505615,9.572839e-05,0.0025858178,0.0020431979
1547.975,-61.033028,2,891,1316.5958182811737,1076036,0.00054247986,5.424799,0.21525037288665771,9.9745754e-05,0.0027502724,0.0022077926
1554.875,-60.906548,4,895,1321.5598435401917,1081246,0.00054234295,5.4234295,0.4771631360054016,9.2164104e-05,0.0031187122,0.0025763693
1554.875,-60.601482,2,897,1326.504122018814,1084446,0.0005424,5.4240003,-2.1984665393829346,9.156795e-05,0.0048133153,0.0042709154
1542.925,-62.186665,3,900,1331.4854764938354,1088768,0.000542531,5.42531,0.7814617902040482,9.4087016e-05,0.002772421,0.00222989
1542.925,-62.093422,3,903,1336.451758146286,1093568,0.0005424733,5.4247327,-0.9210814237594604,9.335352e-05,0.0039892634,0.0034467902
1542.925,-61.72291,2,905,1341.4273538589478,1096768,0.0005422586,5.422586,0.22698074579238892,9.3081115e-05,0.0028154596,0.002273201
1542.925,-61.285877,3,908,1346.3891949653625,1101568,0.0005423118,5.423118,0.4877117872238159,9.187919e-05,0.0028014588,0.0022591471
1542.925,-61.24874,2,910,1351.3144512176514,1104768,0.0005417947,5.4179473,0.2524425983428955,9.403574e-05,0.002515424,0.0019736292
1542.925,-60.397625,3,913,1356.2858126163483,1109568,0.0005412773,5.412773,0.18784743547439575,9.86647e-05,0.0026908182,0.002149541
1542.925,-60.17511,2,915,1361.2560949325562,1112768,0.0005410888,5.410888,0.31903231143951416,9.0554866e-05,0.0023401158,0.001799027
1558.3,-58.21753,3,918,1366.22487783432,1117568,0.00054078695,5.4078693,0.2793559432029724,9.689911e-05,0.0024813563,0.0019405694
1558.3,-58.1612,2,920,1371.1812226772308,1120768,0.00054042746,5.4042745,0.1601213812828064,9.1180525e-05,0.0028659585,0.002325531
1558.3,-57.95066,3,923,1376.156215429306,1125568,0.0005401941,5.4019413,0.22719591856002808,9.6369986e-05,0.0026773114,0.0021371173
1558.3,-58.129128,3,926,1381.1198334693909,1130368,0.0005402343,5.4023433,0.2713046073913574,9.1754075e-05,0.0025112962,0.0019710618
1558.3,-57.873077,2,928,1386.0670635700226,1133568,0.0005405539,5.405539,0.30873221158981323,9.3409195e-05,0.0027435522,0.0022029984
1558.3,-57.86378,3,931,1391.0407991409302,1138368,0.00054012076,5.401208,0.36181604862213135,9.519253e-05,0.0022450308,0.0017049101
1588.05,-56.197266,2,933,1395.9862642288208,1141568,0.0005399097,5.399097,0.23790299892425537,8.961347e-05,0.003054338,0.0025144285
1588.05,-56.314598,3,936,1400.9308407306671,1146368,0.0005395262,5.3952622,0.36103224754333496,9.578737e-05,0.002529047,0.0019895206
1588.05,-56.02473,2,938,1405.8936033248901,1149568,0.0005399675,5.3996754,0.002426326274871826,9.411182e-05,0.0024404917,0.0019005243
1600.0,-53.520256,3,941,1410.8594777584076,1154368,0.00054006564,5.400656,0.27676284313201904,9.462643e-05,0.0027729226,0.002232857
1600.0,-52.833153,3,944,1415.8083002567291,1159168,0.00053987495,5.39875,0.1348455548286438,8.8511064e-05,0.002538333,0.001998458
1600.0,-52.641518,2,946,1420.745374917984,1162368,0.0005395178,5.395178,0.24792003631591797,9.574127e-05,0.0026311171,0.0020915994
1600.0,-52.362343,3,949,1425.6878304481506,1167168,0.0005391603,5.391603,0.3169552683830261,8.930334e-05,0.0025959695,0.0020568091
1600.0,-51.495422,2,951,1430.6381485462189,1170368,0.0005390642,5.390642,0.12273591756820679,9.0996415e-05,0.0028721003,0.0023330362
1600.0,-51.75814,3,954,1435.5738775730133,1175168,0.0005386697,5.3866973,0.24612921476364136,0.00010086356,0.002884103,0.0023454332
1600.0,-51.664528,2,956,1440.506798505783,1178368,0.00053876906,5.3876905,0.23936349153518677,9.1755835e-05,0.0024833325,0.0019445634
1600.0,-51.015953,3,959,1445.4585993289948,1183168,0.000538534,5.38534,0.2147391438484192,9.621728e-05,0.0023793553,0.0018408212
1600.0,-50.66641,2,961,1450.396677494049,1186368,0.00053789956,5.378996,0.30368727445602417,9.759315e-05,0.0028607685,0.002322869
1600.0,-49.747276,3,964,1455.3753778934479,1191168,0.00053736044,5.373605,0.33692675828933716,9.431767e-05,0.0025338172,0.0019964566
1561.725,-50.96873,3,967,1460.3087339401245,1194437,0.00053736893,5.3736897,0.5960140228271484,9.4680436e-05,0.003996508,0.003459139
1558.9,-52.73058,3,970,1465.24129986763,1199124,0.0005376635,5.3766356,0.7724548578262329,9.704985e-05,0.0031288783,0.0025912148
1558.9,-52.36078,3,973,1470.214587211609,1203924,0.00053750904,5.3750906,-5.733374118804932,9.2298316e-05,0.0033841457,0.0028466366
1558.9,-51.851494,2,975,1475.1421151161194,1207124,0.0005376242,5.376242,0.3315175771713257,9.005802e-05,0.002586883,0.002049259
1558.9,-50.965313,3,978,1480.0663254261017,1211924,0.0005374755,5.3747554,0.27733683586120605,9.5866984e-05,0.0027269751,0.0021894996
1558.9,-50.56108,2,980,1484.9953484535217,1215124,0.0005373513,5.373513,-0.12599623203277588,9.703048e-05,0.0025964552,0.002059104
1532.575,-51.49635,4,984,1489.955451965332,1220471,0.00053711166,5.3711166,0.4230813980102539,9.6638934e-05,0.0037251867,0.003188075
1532.575,-51.267235,2,986,1494.9115998744965,1223671,0.00053689023,5.368902,0.13579046726226807,9.621661e-05,0.002853522,0.0023166318
1532.575,-50.691525,3,989,1499.856056213379,1228471,0.0005366858,5.366858,0.15817338228225708,9.216525e-05,0.0029817491,0.0024450633
1532.575,-50.988228,2,991,1504.77467918396,1231671,0.000536197,5.36197,0.09246927499771118,9.5374984e-05,0.0024412288,0.001905032
1532.575,-49.6668,3,994,1509.7399661540985,1236471,0.0005363527,5.363527,0.3897164463996887,9.009334e-05,0.0028547659,0.0023184132
1532.575,-49.0131,2,996,1514.6524953842163,1239671,0.0005355935,5.355935,0.4229273796081543,9.272559e-05,0.002424186,0.0018885927
1532.575,-48.255016,3,999,1519.5709340572357,1244471,0.0005352612,5.352612,0.2747284173965454,9.494378e-05,0.0032312854,0.0026960243
1532.575,-47.221027,3,1002,1524.5077102184296,1249271,0.0005347151,5.347151,0.42658013105392456,9.416489e-05,0.0025165179,0.0019818028
1532.575,-47.225548,2,1004,1529.4558322429657,1252471,0.0005345616,5.345616,0.477306067943573,8.813577e-05,0.0024385992,0.0019040378
1570.85,-45.0679,3,1007,1534.3717391490936,1257271,0.0005342289,5.3422894,0.23525285720825195,9.1595255e-05,0.0029585182,0.0024242892
1573.675,-42.315052,2,1009,1539.2711327075958,1260471,0.00053391117,5.339112,0.4524502158164978,9.5437936e-05,0.0027155916,0.0021816804
1573.675,-41.451096,3,1012,1544.208867073059,1265271,0.00053341384,5.3341384,0.4188220500946045,9.1608235e-05,0.002364471,0.0018310572
1573.675,-40.72082,2,1014,1549.1154267787933,1268471,0.0005334738,5.3347383,0.5198861658573151,9.5027004e-05,0.0030287975,0.0024953238
1573.675,-40.216007,3,1017,1554.0505475997925,1273271,0.0005333671,5.333671,0.43316781520843506,9.2064525e-05,0.0026066918,0.0020733248
1564.825,-42.12238,3,1020,1558.9868488311768,1277717,0.00053346256,5.3346257,0.7450432479381561,9.2351955e-05,0.0030440968,0.0025106343
1564.825,-42.33495,2,1022,1563.8944408893585,1280917,0.0005332605,5.3326054,-0.8479276895523071,9.4402014e-05,0.003633135,0.0030998746
1591.15,-40.589355,3,1025,1568.802889585495,1285717,0.00053308107,5.330811,0.33489614725112915,9.046866e-05,0.0026287772,0.002095696
1590.0,-42.99929,2,1027,1573.7092051506042,1288871,0.00053300796,5.3300796,0.5112647712230682,9.504055e-05,0.0031085284,0.0025755204
1590.0,-42.644115,3,1030,1578.6360321044922,1293671,0.0005324241,5.3242407,-0.8017969131469727,9.7059325e-05,0.0028748317,0.0023424076
1551.3,-44.281544,3,1033,1583.5731084346771,1296923,0.0005324973,5.324973,-0.021241426467895508,8.527376e-05,0.0043328963,0.003800399
1548.375,-46.427937,3,1036,1588.4843969345093,1301606,0.0005322844,5.322844,0.6774010956287384,9.781415e-05,0.0031783122,0.0026460278
1548.375,-46.534138,3,1039,1593.4050076007843,1306406,0.0005320892,5.3208923,0.08756041526794434,9.2780654e-05,0.0036978493,0.00316576
1548.375,-46.258453,2,1041,1598.3161511421204,1309606,0.00053207134,5.3207135,-0.33307385444641113,9.521951e-05,0.004740334,0.0042082625
1548.375,-46.08521,3,1044,1603.288982629776,1314406,0.000531526,5.31526,0.3694366216659546,9.695758e-05,0.002955459,0.002423933
1548.375,-46.00825,2,1046,1608.2358574867249,1317606,0.0005311698,5.3116984,0.2897922992706299,9.4394956e-05,0.0024547104,0.0019235406
1548.375,-45.85331,3,1049,1613.1754162311554,1322406,0.0005307043,5.3070426,0.4693908095359802,9.4531875e-05,0.0025991257,0.0020684213
1548.375,-45.645725,2,1051,1618.1403250694275,1325606,0.00053064653,5.3064656,0.24768579006195068,9.427607e-05,0.0030669998,0.0025363534
1548.375,-45.575226,3,1054,1623.112298488617,1330406,0.0005305659,5.3056593,0.4214707612991333,9.649557e-05,0.0027402777,0.0022097118
1548.375,-45.54471,3,1057,1628.093726158142,1335206,0.00053007825,5.3007827,0.41605687141418457,9.782291e-05,0.0028947794,0.0023647011
1548.375,-45.30137,2,1059,1633.0210328102112,1338406,0.00053007633,5.3007636,0.3945170044898987,9.446575e-05,0.0026410152,0.002110939
1557.225,-42.599495,3,1062,1637.9731042385101,1343206,0.00053012464,5.3012466,0.5579940378665924,9.648026e-05,0.003009106,0.0024789814
1557.225,-42.644756,2,1064,1642.9121947288513,1346406,0.0005298321,5.298321,0.4957331418991089,9.71206e-05,0.0028262944,0.0022964624
1558.375,-39.457474,3,1067,1647.878245830536,1351206,0.0005296143,5.296143,0.2774697542190552,9.397528e-05,0.0027447208,0.0022151065
1558.375,-38.86228,2,1069,1652.7994067668915,1354406,0.0005295725,5.295725,0.3555727005004883,9.252301e-05,0.002486812,0.0019572396
1597.075,-36.59444,3,1072,1657.741609096527,1359206,0.0005290058,5.2900577,0.4445101022720337,9.629801e-05,0.0028824848,0.002353479
1597.075,-36.01326,2,1074,1662.6590778827667,1362406,0.00052905275,5.2905273,0.38387835025787354,8.909441e-05,0.0024807206,0.001951668
1600.0,-32.510834,3,1077,1667.6083779335022,1367206,0.00052870397,5.2870398,0.31281447410583496,9.069941e-05,0.0027676977,0.0022389938
1600.0,-31.500275,3,1080,1672.5606231689453,1372006,0.000528394,5.2839403,0.40830373764038086,9.833209e-05,0.0029561159,0.0024277219
1600.0,-31.413116,2,1082,1677.4724009037018,1375206,0.0005283918,5.283918,0.41869354248046875,9.811421e-05,0.002548193,0.0020198012
1600.0,-30.683651,3,1085,1682.415492773056,1380006,0.0005283599,5.2835994,0.42746710777282715,9.75491e-05,0.0030068276,0.0024784678
1600.0,-30.232794,2,1087,1687.3394935131073,1383206,0.0005281249,5.2812495,0.4073876142501831,9.562717e-05,0.0027672828,0.002239158
1600.0,-29.891855,3,1090,1692.26353764534,1388006,0.00052846444,5.2846446,0.4634701609611511,9.4451665e-05,0.002545204,0.0020167395
1562.325,-32.155907,3,1093,1697.20192861557,1391299,0.00052828016,5.2828016,0.41457390785217285,9.756751e-05,0.0043561496,0.0038278692
1562.325,-32.024,3,1096,1702.1422290802002,1396099,0.0005280275,5.280275,-0.8898671865463257,9.184875e-05,0.0033760194,0.002847992
1562.325,-32.155144,2,1098,1707.0362470149994,1399299,0.0005280035,5.280035,0.3072323203086853,9.287619e-05,0.0026566943,0.0021286907
1562.325,-31.73433,3,1101,1711.9683737754822,1404099,0.00052795466,5.2795467,-0.53741455078125,9.008177e-05,0.0033593774,0.0028314227
1523.55,-33.46526,4,1105,1716.9047746658325,1408948,0.00052791403,5.2791405,0.6212017834186554,9.563306e-05,0.0066442895,0.0061163753
1523.55,-33.442955,2,1107,1721.8136870861053,1412148,0.0005276536,5.276536,0.24806660413742065,8.9683905e-05,0.00317042,0.0026427663
1523.55,-33.63276,3,1110,1726.7658500671387,1416948,0.00052710826,5.271083,0.05140948295593262,9.04163e-05,0.0030544566,0.0025273482
1523.55,-32.781086,2,1112,1731.683688879013,1420148,0.00052685314,5.268532,0.3953355550765991,9.407129e-05,0.002956231,0.0024293778
1523.55,-32.80404,3,1115,1736.621218919754,1424948,0.0005265154,5.2651544,0.49154824018478394,9.812077e-05,0.0031145345,0.002588019
1523.55,-32.5028,2,1117,1741.5411431789398,1428148,0.00052598526,5.259853,0.41428500413894653,9.44004e-05,0.0028891298,0.0023631444
1523.55,-32.46357,3,1120,1746.4635486602783,1432948,0.0005257904,5.257904,0.32954955101013184,9.5048614e-05,0.0030461298,0.0025203396
1523.55,-31.708355,2,1122,1751.3966019153595,1436148,0.00052550517,5.2550516,0.47391289472579956,9.424353e-05,0.002843548,0.0023180428
1502.375,-33.95941,4,1126,1756.3770730495453,1441701,0.0005254482,5.254482,0.396159291267395,9.642594e-05,0.0035364935,0.0030110453
1502.375,-33.691723,2,1128,1761.2752192020416,1444901,0.00052574766,5.257477,0.20756381750106812,9.05824e-05,0.0032428743,0.0027171266
1502.375,-33.28144,3,1131,1766.2174446582794,1449701,0.00052570103,5.2570105,0.30679816007614136,9.2874645e-05,0.0027849472,0.002259246
1540.05,-30.357,2,1133,1771.1135911941528,1452901,0.0005258544,5.2585444,0.31231439113616943,9.3014314e-05,0.0036111055,0.003085251
1540.05,-29.587423,3,1136,1776.0538849830627,1457701,0.00052570616,5.2570615,0.32621628046035767,9.955297e-05,0.003119808,0.0025941017
1540.05,-29.180721,2,1138,1780.9760484695435,1460901,0.0005256329,5.256329,0.46742796897888184,9.2868184e-05,0.002650176,0.002124543
1540.05,-28.639715,3,1141,1785.924491405487,1465701,0.000525657,5.25657,0.33947092294692993,9.800072e-05,0.0028288108,0.0023031537
1578.825,-26.000452,2,1143,1790.868703365326,1468901,0.0005253754,5.2537546,0.44918644428253174,9.401399e-05,0.00290695,0.0023815746
1578.825,-24.88586,3,1146,1795.8051352500916,1473701,0.0005247878,5.247878,0.4341800808906555,9.84098e-05,0.0026643192,0.0021395313
1578.825,-23.765787,3,1149,1800.724550485611,1478501,0.0005248285,5.2482853,0.14480215311050415,9.776912e-05,0.0027814133,0.0022565848
1578.825,-23.96268,2,1151,1805.6615161895752,1481701,0.0005243413,5.243413,0.3067876100540161,9.655519e-05,0.0029065858,0.0023822444
1578.825,-23.74126,3,1154,1810.6102421283722,1486501,0.000524048,5.24048,0.3726488947868347,9.449468e-05,0.0031196896,0.0025956417
1578.825,-24.89316,2,1156,1815.5139701366425,1489701,0.00052353466,5.235347,0.5113303661346436,9.3584866e-05,0.0025760494,0.0020525148
1578.825,-25.010906,3,1159,1820.466955423355,1494501,0.00052326644,5.2326646,0.49510669708251953,9.7466196e-05,0.003008606,0.0024853395
1578.825,-24.49075,2,1161,1825.3730552196503,1497701,0.00052241446,5.2241445,0.42189401388168335,9.910553e-05,0.0027226734,0.002200259
1578.825,-24.02475,3,1164,1830.293051958084,1502501,0.0005227691,5.227691,0.4768106937408447,9.02164e-05,0.002668891,0.002146122
1600.0,-20.800755,3,1167,1835.2372467517853,1507301,0.0005224342,5.224342,0.5105148255825043,9.852614e-05,0.00288625,0.0023638157
1561.85,-23.011974,3,1170,1840.1807045936584,1510575,0.0005223807,5.223807,0.7585838139057159,0.00010102174,0.00543179,0.004909409
1523.7,-25.580347,4,1174,1845.112508058548,1515449,0.00052251155,5.2251153,0.6728800237178802,9.251622e-05,0.004368962,0.0038464502
1523.7,-24.709265,2,1176,1849.9951708316803,1518649,0.00052219984,5.2219987,-1.5239505767822266,9.0801725e-05,0.004235057,0.0037128571
1486.15,-26.221624,4,1180,1854.941594362259,1523547,0.0005225498,5.225498,0.7876035422086716,9.59679e-05,0.004073775,0.003551225
1486.15,-26.223963,2,1182,1859.8326981067657,1526747,0.0005223412,5.223412,-0.8745156526565552,8.8140325e-05,0.0035754752,0.003053134
1486.15,-26.065704,3,1185,1864.7461857795715,1531547,0.0005221213,5.2212133,0.374126672744751,9.5553696e-05,0.0034698695,0.0029477482
1486.15,-26.245495,2,1187,1869.6266345977783,1534747,0.00052151096,5.21511,0.4201560616493225,9.561397e-05,0.0027063615,0.0021848506
1486.15,-25.201931,3,1190,1874.5584559440613,1539547,0.0005210467,5.210467,0.3983580470085144,9.5882555e-05,0.00302649,0.0025054433
1486.15,-24.985298,2,1192,1879.4778258800507,1542747,0.0005208722,5.208722,0.4960145950317383,9.407652e-05,0.002980959,0.0024600867
1486.15,-24.13117,3,1195,1884.4152965545654,1547547,0.00052058283,5.205828,0.5279052555561066,9.25794e-05,0.0029985448,0.002477962
1486.15,-23.1507,3,1198,1889.352038383484,1552347,0.00052060356,5.2060356,0.48916423320770264,9.402029e-05,0.0029612558,0.0024406523
1464.25,-25.17445,3,1201,1894.2886435985565,1556271,0.00052052987,5.205299,0.46644043922424316,9.1995025e-05,0.003268638,0.002748108
1464.25,-25.249138,2,1203,1899.1926605701447,1559471,0.00052060565,5.2060566,-3.371385097503662,9.546397e-05,0.0039759586,0.0034553527
1426.825,-27.280605,4,1207,1904.103013753891,1564374,0.00052067934,5.2067933,0.8294836282730103,8.4675696e-05,0.0039793393,0.00345866
1464.975,-24.557247,2,1209,1909.0010817050934,1567574,0.000520827,5.20827,-0.3201948404312134,0.00010337011,0.0037522085,0.0032313815
1503.125,-21.311508,3,1212,1913.9325411319733,1572374,0.00052038394,5.20384,0.46743083000183105,9.600523e-05,0.0032707842,0.0027504002
1503.125,-20.987118,2,1214,1918.8161189556122,1575574,0.00052053446,5.2053447,0.4633035659790039,9.6008866e-05,0.0028206361,0.0023001016
1503.125,-21.12357,3,1217,1923.7544112205505,1580374,0.00052002876,5.200288,0.5552698969841003,9.491024e-05,0.0031817686,0.00266174
1502.675,-21.601292,3,1220,1928.6485538482666,1583654,0.0005198818,5.198818,0.7773013561964035,9.4162315e-05,0.0047474764,0.0042275945
1502.675,-21.100882,3,1223,1933.5417125225067,1588454,0.0005199462,5.1994624,0.3141416311264038,8.866328e-05,0.003128143,0.0026081968
1502.675,-20.859398,3,1226,1938.454369544983,1593254,0.0005194801,5.194801,0.3835027813911438,0.000101136626,0.0029878682,0.002468388
1502.675,-21.039362,2,1228,1943.3576211929321,1596454,0.00051887386,5.188739,0.457599937915802,9.2559945e-05,0.0025864933,0.0020676195
1502.675,-20.365986,3,1231,1948.2835748195648,1601254,0.00051855465,5.1855464,0.41800761222839355,9.465152e-05,0.002764593,0.0022460385
1502.675,-20.063908,2,1233,1953.2266428470612,1604454,0.0005180571,5.180571,0.39322882890701294,9.41437e-05,0.0027555753,0.0022375183
1502.675,-19.87198,3,1236,1958.1735208034515,1609254,0.000517496,5.17496,0.5306432545185089,9.911979e-05,0.0028176848,0.0023001886
1502.675,-19.288324,2,1238,1963.0735280513763,1612454,0.0005170875,5.170875,0.4887927770614624,9.776882e-05,0.0028559146,0.0023388271
1524.575,-17.09646,3,1241,1967.997959136963,1617254,0.0005166837,5.1668367,0.47990620136260986,9.308643e-05,0.0027718889,0.002255205
1524.575,-17.002005,2,1243,1972.9185128211975,1620454,0.00051602325,5.1602325,0.4601936340332031,9.421505e-05,0.0027005621,0.0021845389
1562.0,-14.393277,3,1246,1977.8539502620697,1625254,0.00051563216,5.1563215,0.48897093534469604,9.507607e-05,0.0029195233,0.0024038912
1562.0,-14.300863,3,1249,1982.7804553508759,1630054,0.00051586865,5.1586866,0.47867679595947266,9.430498e-05,0.0028003778,0.0022845091
1562.0,-13.827757,2,1251,1987.7034039497375,1633254,0.0005154634,5.154634,0.5281424820423126,9.3804105e-05,0.0027371286,0.002221665
1562.0,-13.824728,3,1254,1992.6447641849518,1638054,0.0005151277,5.151277,0.4993075728416443,9.9482975e-05,0.0025585075,0.00204338
1562.0,-13.904986,2,1256,1997.5526342391968,1641254,0.00051525695,5.15257,0.5006617605686188,9.477741e-05,0.0030936487,0.0025783917
1567.35,-12.409697,4,1260,2002.4912824630737,1646348,0.000514964,5.14964,0.34221065044403076,9.0080226e-05,0.00406025,0.0035452857
1567.35,-12.5614605,2,1262,2007.3877534866333,1649548,0.0005148187,5.148187,-0.37056899070739746,9.71126e-05,0.003652227,0.0031374083
1567.35,-11.13867,3,1265,2012.3267576694489,1654348,0.0005147686,5.147686,0.42893165349960327,9.540314e-05,0.002800941,0.0022861725
1567.35,-10.25603,2,1267,2017.215008020401,1657548,0.0005147943,5.147943,0.4475668668746948,9.656133e-05,0.0029836174,0.002468823
1567.35,-10.083376,3,1270,2022.1291394233704,1662348,0.00051498075,5.149808,-0.5273934602737427,9.38804e-05,0.003292589,0.002777608
1567.35,-10.074684,2,1272,2027.0541894435883,1665548,0.0005143892,5.1438923,0.4125860333442688,9.797438e-05,0.0030295074,0.002515118
1530.725,-12.594263,4,1276,2031.986760377884,1670483,0.00051415124,5.1415124,0.6344136893749237,9.651597e-05,0.0034858307,0.0029716794
1530.725,-12.680136,2,1278,2036.8812940120697,1673683,0.0005143388,5.143388,-1.2145745754241943,9.408344e-05,0.00346736,0.0029530213
1530.725,-12.529345,3,1281,2041.798630475998,1678483,0.00051391596,5.1391597,0.2881481647491455,9.3042894e-05,0.003114531,0.0026006151
1530.725,-12.204669,3,1284,2046.7225427627563,1683283,0.00051427464,5.1427464,0.4711260199546814,9.537279e-05,0.0025666135,0.0020523388
1530.725,-12.159233,2,1286,2051.626791238785,1686483,0.00051391555,5.1391554,0.4363487958908081,9.7249955e-05,0.0025810986,0.0020671831
1530.725,-11.4319515,3,1289,2056.563752889633,1691283,0.0005137845,5.1378446,0.5071059763431549,9.636389e-05,0.0031230934,0.002609309
1530.725,-10.956456,2,1291,2061.451568841934,1694483,0.0005134746,5.134746,0.4841710329055786,9.721478e-05,0.0032034125,0.0026899378
1530.725,-10.213066,3,1294,2066.345291376114,1699283,0.00051299774,5.1299777,0.5075666904449463,9.375809e-05,0.0025351937,0.002022196
1530.725,-9.096763,2,1296,2071.2372138500214,1702483,0.00051274366,5.1274366,0.5486872494220734,9.0588714e-05,0.0026411328,0.0021283892
1527.425,-8.874651,4,1300,2076.18057513237,1707445,0.00051236886,5.1236887,0.7699944525957108,9.40973e-05,0.0033868495,0.0028744808
1527.425,-8.782649,2,1302,2081.108644247055,1710645,0.00051203417,5.120342,-0.14893782138824463,9.2462215e-05,0.0036450387,0.0031330045
1527.425,-9.334124,3,1305,2086.01949262619,1715445,0.0005117168,5.1171684,0.39731264114379883,9.67448e-05,0.002802191,0.0022904743
1527.425,-9.458433,3,1308,2090.9563670158386,1720245,0.00051174074,5.117408,-1.9910314083099365,9.729255e-05,0.0034591071,0.0029473663
1527.425,-9.583415,2,1310,2095.8679871559143,1723445,0.0005114014,5.114014,0.5142146348953247,9.457109e-05,0.0028387639,0.0023273625
1527.425,-8.655222,3,1313,2100.747289419174,1728245,0.0005109225,5.1092253,0.6088286936283112,9.662933e-05,0.0028034043,0.002292482
1564.05,-5.6250944,2,1315,2105.6344854831696,1731445,0.0005104005,5.1040053,0.5057421922683716,9.482326e-05,0.0028849142,0.0023745138
1564.05,-4.5158577,3,1318,2110.5658841133118,1736245,0.00051000033,5.1000037,0.3923211693763733,0.000101827434,0.0030696674,0.002559667
1564.05,-3.7938762,2,1320,2115.453791618347,1739445,0.0005100509,5.100509,0.5284810066223145,9.429164e-05,0.0026928617,0.0021828108
1564.05,-3.3648486,3,1323,2120.421888589859,1744245,0.00050961855,5.0961857,0.5234116613864899,9.496375e-05,0.0028631215,0.002353503
1564.05,-3.0124362,2,1325,2125.315082550049,1747445,0.0005092846,5.0928464,0.5390938818454742,9.430398e-05,0.002738317,0.0022290323
1564.05,-2.694698,3,1328,2130.219539165497,1752245,0.00050879805,5.0879807,0.6346462666988373,9.747814e-05,0.0031966877,0.0026878896
1564.05,-1.9533851,3,1331,2135.160616874695,1757045,0.00050815416,5.0815415,0.5387994050979614,8.924994e-05,0.0025864723,0.0020783183
1564.05,-1.5882478,2,1333,2140.061050415039,1760245,0.00050785893,5.0785894,0.5363283157348633,9.875822e-05,0.0026695323,0.0021616733
1564.05,-1.4925251,3,1336,2144.979537010193,1765045,0.0005077147,5.077147,0.4895346760749817,9.6561445e-05,0.0027658187,0.002258104
1600.0,1.6843874,2,1338,2149.8903408050537,1768245,0.0005075678,5.075678,0.4670383930206299,9.5343086e-05,0.0028077273,0.0023001595
1600.0,2.8083916,3,1341,2154.7993202209473,1773045,0.0005067388,5.067388,0.466810941696167,9.6770484e-05,0.0027351175,0.0022283788
1600.0,3.2716866,2,1343,2159.6994936466217,1776245,0.00050647155,5.0647154,0.5527332723140717,9.572267e-05,0.0028837875,0.002377316
1600.0,5.06465,3,1346,2164.597574710846,1781045,0.0005064605,5.064605,0.4832679033279419,9.546985e-05,0.002821878,0.0023154176
1600.0,5.9987316,3,1349,2169.4828176498413,1785845,0.0005062745,5.0627456,0.5624570250511169,9.441064e-05,0.0027913894,0.002285115
1600.0,6.3387084,2,1351,2174.382486104965,1789045,0.00050624216,5.062422,0.5537263453006744,9.570761e-05,0.003067783,0.0025615408
1600.0,6.8851547,3,1354,2179.2954154014587,1793845,0.00050571293,5.0571294,0.4895789623260498,9.345946e-05,0.0027376614,0.0022319485
1562.625,5.1043153,3,1357,2184.179164648056,1797150,0.0005054278,5.054278,0.46804171800613403,9.3352864e-05,0.0034972955,0.0029918677
1562.625,6.0992,3,1360,2189.0866091251373,1801950,0.00050531316,5.0531316,-0.7115956544876099,9.768925e-05,0.0032403423,0.002735029
1562.625,7.449733,2,1362,2193.9747338294983,1805150,0.0005051099,5.0510993,-0.39013397693634033,9.3972834e-05,0.0035624504,0.0030573406
1562.625,8.467691,3,1365,2198.8785388469696,1809950,0.0005049408,5.0494084,0.5562954545021057,9.3437615e-05,0.0028046365,0.0022996957
1562.625,9.063617,2,1367,2203.752208471298,1813150,0.0005042891,5.0428915,0.5217907726764679,9.619599e-05,0.0027959112,0.002291622
1562.625,10.173739,3,1370,2208.671266078949,1817950,0.0005037933,5.037933,0.44520145654678345,9.6353484e-05,0.0027183816,0.0022145882
1562.625,10.720991,2,1372,2213.547404050827,1821150,0.00050331245,5.0331244,0.5232012569904327,9.64709e-05,0.003016062,0.0025127498
1562.625,11.318864,3,1375,2218.4458842277527,1825950,0.0005030031,5.0300307,0.5041581392288208,9.595507e-05,0.0027221655,0.0022191624
1562.625,12.9748745,3,1378,2223.3517866134644,1830750,0.0005030028,5.030028,0.5576675832271576,9.756749e-05,0.0029872633,0.0024842604
1562.625,13.339159,2,1380,2228.2411711215973,1833950,0.0005023683,5.023683,0.4873305559158325,9.349693e-05,0.0031994777,0.0026971092
1562.625,13.719887,3,1383,2233.151027917862,1838750,0.0005020434,5.020434,0.41904497146606445,9.5118376e-05,0.0028048395,0.002302796
1562.625,14.255259,2,1385,2238.054741859436,1841950,0.00050214055,5.0214057,0.47030627727508545,9.778088e-05,0.0033952503,0.0028931098
1562.625,13.704962,3,1388,2242.9710841178894,1846750,0.00050190656,5.019066,0.5066326558589935,9.8679644e-05,0.0027397,0.0022377935
1562.625,13.873468,2,1390,2247.86430311203,1849950,0.00050156005,5.0156007,0.42626869678497314,9.729521e-05,0.0028202222,0.0023186621
1562.625,14.908336,3,1393,2252.768357038498,1854750,0.0005019453,5.0194535,0.537224680185318,9.602851e-05,0.002898874,0.0023969286
1562.625,15.488602,3,1396,2257.6831834316254,1859550,0.0005019551,5.0195513,0.4760100841522217,9.7948214e-05,0.0027613584,0.0022594032
1573.5,15.827742,3,1399,2262.5898990631104,1863290,0.00050191337,5.019134,0.39676713943481445,9.799565e-05,0.0035211379,0.0030192244
1573.5,15.955477,2,1401,2267.4732205867767,1866490,0.00050197745,5.019775,-3.039252758026123,9.496455e-05,0.0034129468,0.0029109693
1536.125,13.335681,4,1405,2272.3990898132324,1871395,0.0005015375,5.015375,0.8683970421552658,9.2710805e-05,0.0037679314,0.003266394
1499.075,10.688069,3,1408,2277.3009181022644,1874713,0.0005012543,5.0125427,0.6662335097789764,9.4296716e-05,0.0034232943,0.00292204
1496.25,7.788999,3,1411,2282.202765226364,1879400,0.00050123734,5.0123734,0.7581215500831604,9.154041e-05,0.00299524,0.0024940027
1496.25,7.354483,2,1413,2287.0688819885254,1882600,0.0005010986,5.010986,0.460332453250885,0.0001032491,0.002914304,0.0024132053
1496.25,7.577063,3,1416,2291.971408367157,1887400,0.0005007647,5.007647,0.48970669507980347,9.308511e-05,0.0028365357,0.002335771
1496.25,7.0385423,3,1419,2296.901638507843,1892200,0.00050029065,5.002907,0.3659895062446594,9.6861564e-05,0.002996964,0.0024966733
1496.25,7.46754,2,1421,2301.785899400711,1895400,0.0005002906,5.0029063,0.5528222024440765,9.90078e-05,0.0028139357,0.002313645
1496.25,8.347649,3,1424,2306.7054271698,1900200,0.00050017826,5.0017824,0.5161087214946747,9.896781e-05,0.0027683945,0.0022682163
1468.125,4.952447,3,1427,2311.6047472953796,1903875,0.0005001631,5.0016313,0.6657911539077759,9.257786e-05,0.003023827,0.002523664
1468.125,5.6401753,3,1430,2316.504151582718,1908675,0.0005002118,5.002118,-3.005221366882324,9.300167e-05,0.0032024977,0.002702286
1468.125,5.6563406,2,1432,2321.3641571998596,1911875,0.00050003355,5.0003357,0.5613081753253937,9.7280776e-05,0.0028584402,0.0023584065
1468.125,6.4823813,3,1435,2326.2847723960876,1916675,0.00050003966,5.0003967,0.5303737223148346,9.510416e-05,0.0024740635,0.0019740239
1494.625,9.735784,2,1437,2331.164514064789,1919875,0.000499705,4.9970503,0.44328320026397705,9.889279e-05,0.0028014125,0.0023017074
1494.625,9.928632,3,1440,2336.072163581848,1924675,0.0004997145,4.997145,0.4779764413833618,9.631504e-05,0.0031126621,0.0026129475
1494.625,10.202489,2,1442,2340.9715962409973,1927875,0.000499682,4.99682,0.5448355972766876,0.00010109662,0.0027404423,0.0022407603
1532.0,14.557306,3,1445,2345.8823335170746,1932675,0.00049953425,4.9953427,0.5502230226993561,9.293966e-05,0.0028724011,0.002372867
1532.0,14.865947,2,1447,2350.7821159362793,1935875,0.00049934036,4.9934034,0.5448186099529266,9.597352e-05,0.0027611316,0.0022617914
1571.875,21.119091,3,1450,2355.699519634247,1940675,0.000499204,4.9920397,0.6004688143730164,0.00010097743,0.0027945421,0.002295338
1571.875,22.41369,3,1453,2360.6204183101654,1945475,0.00049864245,4.9864244,0.45704764127731323,9.575479e-05,0.0028397122,0.0023410697
1534.175,19.384344,3,1456,2365.5025582313538,1948767,0.00049851823,4.9851823,0.810360461473465,9.638138e-05,0.0052908515,0.004792333
1518.525,17.670628,3,1459,2370.396858692169,1952941,0.0004984882,4.9848824,0.8254276514053345,9.6974836e-05,0.0029355101,0.002437022
1518.525,18.553846,3,1462,2375.3028988838196,1957741,0.0004984369,4.9843693,-0.003068208694458008,9.828716e-05,0.003293778,0.0027953412
1518.525,18.877605,2,1464,2380.197315454483,1960941,0.0004982427,4.982427,0.4570341110229492,9.911158e-05,0.0027102693,0.0022120266
1546.65,22.217045,3,1467,2385.1178505420685,1965741,0.00049819576,4.981958,0.5068873167037964,9.576649e-05,0.0028542853,0.0023560897
1546.65,22.351643,2,1469,2389.9947867393494,1968941,0.00049794675,4.979468,0.48937487602233887,9.4877774e-05,0.0032621215,0.0027641747
1546.65,23.268713,3,1472,2394.8911130428314,1973741,0.0004974684,4.9746842,0.587290495634079,9.665068e-05,0.0028954204,0.002397952
1546.65,23.585968,2,1474,2399.7559180259705,1976941,0.00049716595,4.9716597,0.45467686653137207,9.732139e-05,0.002567099,0.002069933
1546.65,23.428675,3,1477,2404.6640136241913,1981741,0.0004973163,4.973163,0.455829381942749,9.606648e-05,0.002683602,0.0021862858
1546.65,24.409723,3,1480,2409.5511178970337,1986541,0.000497312,4.97312,0.4614253640174866,0.000100424426,0.0027599402,0.0022626282
1546.65,24.461739,2,1482,2414.6288244724274,1989741,0.0004972803,4.9728036,0.620930939912796,9.8884135e-05,0.0027879882,0.0022907078
1546.65,23.69288,3,1485,2419.5479226112366,1994541,0.0004967035,4.967035,0.524371325969696,9.561905e-05,0.0028058395,0.002309136
1546.65,23.696957,2,1487,2424.43656873703,1997741,0.00049653073,4.965307,0.4627618193626404,9.806921e-05,0.0024321342,0.0019356034
1546.65,24.55934,3,1490,2429.334856033325,2002541,0.00049626274,4.9626274,0.6024196445941925,9.60584e-05,0.002822542,0.0023262794
1546.65,24.737453,2,1492,2434.214819431305,2005741,0.00049595465,4.9595466,0.43587738275527954,9.967835e-05,0.003010813,0.0025148583
1584.35,28.979053,3,1495,2439.1111574172974,2010541,0.00049589656,4.958966,0.5043628513813019,9.963724e-05,0.0027384548,0.0022425584
1584.35,29.879612,2,1497,2444.0116481781006,2013741,0.0004958008,4.9580083,0.5724954009056091,9.7794924e-05,0.0030053975,0.0025095968
1600.0,33.168556,3,1500,2448.936702489853,2018541,0.000495583,4.95583,0.5881522595882416,9.8076314e-05,0.0027331936,0.0022376105
1600.0,33.690735,3,1503,2453.832362651825,2023341,0.00049550727,4.955073,0.030563831329345703,9.689521e-05,0.0036920859,0.0031965785
1600.0,34.808857,2,1505,2458.7132794857025,2026541,0.00049519783,4.951978,0.5665020942687988,0.00010028937,0.0027305558,0.002235358
1600.0,36.137005,3,1508,2463.59756731987,2031341,0.0004950189,4.950189,0.5574297308921814,0.0001016209,0.0027980963,0.0023030774
1563.275,33.652214,3,1511,2468.579087495804,2034672,0.000495012,4.95012,0.5109225809574127,9.722797e-05,0.004242992,0.00374798
1563.275,34.962517,3,1514,2473.474329471588,2039472,0.00049490726,4.949073,0.1192786693572998,8.9833615e-05,0.0027403082,0.002245401
1563.275,35.604393,2,1516,2478.340592622757,2042672,0.000494704,4.94704,0.4054715037345886,9.660958e-05,0.0025701835,0.0020754796
1487.55,28.034393,5,1521,2483.255896091461,2047643,0.00049474864,4.9474864,0.33130133152008057,9.6352356e-05,0.0034108546,0.002916106
1487.55,28.599054,2,1523,2488.1063175201416,2050843,0.0004945319,4.9453187,-0.036251068115234375,9.957221e-05,0.0034360918,0.00294156
1487.55,29.406885,3,1526,2492.98225069046,2055643,0.0004939866,4.939866,0.26866066455841064,0.00010002029,0.0028740778,0.0023800912
1487.55,29.603724,2,1528,2497.8477642536163,2058843,0.0004936254,4.9362545,0.478268027305603,9.810935e-05,0.0029056445,0.002412019
1487.55,30.447979,3,1531,2502.765127182007,2063643,0.0004937261,4.937261,0.4859781861305237,9.363574e-05,0.0028327983,0.002339072
1487.55,30.581537,3,1534,2507.678731203079,2068443,0.0004936033,4.9360332,0.4192419648170471,9.685698e-05,0.0026935413,0.002199938
1487.55,31.778416,2,1536,2512.567346096039,2071643,0.00049353816,4.935382,0.4382423758506775,9.701731e-05,0.0030783531,0.002584815
1487.55,31.83761,3,1539,2517.4783470630646,2076443,0.00049338135,4.9338136,0.47073042392730713,9.681859e-05,0.0029056296,0.0024122482
1487.55,31.695675,2,1541,2522.4986884593964,2079643,0.00049330806,4.9330807,0.4255825877189636,9.942803e-05,0.0027557532,0.0022624452
1487.55,31.33999,3,1544,2527.384882211685,2084443,0.000493181,4.93181,0.5033087730407715,9.95078e-05,0.0027874096,0.0022942286
1486.075,29.667889,2,1546,2532.272802591324,2087584,0.0004928302,4.928302,0.6678940951824188,9.873595e-05,0.0027071112,0.002214281
1486.075,30.085394,3,1549,2537.189859390259,2092384,0.00049262756,4.9262757,-0.05145871639251709,9.5086856e-05,0.0027230682,0.0022304407
1522.8,34.281483,2,1551,2542.0586915016174,2095584,0.0004925073,4.925073,0.18375927209854126,9.827985e-05,0.0026171948,0.0021246874
1522.8,33.566322,3,1554,2546.9724774360657,2100384,0.00049235637,4.923564,0.4510815739631653,0.000100335994,0.003084287,0.0025919306
1522.8,33.345737,3,1557,2551.887017250061,2105184,0.0004920654,4.920654,0.5940200686454773,9.808433e-05,0.002616619,0.0021245535
1522.8,34.325237,2,1559,2556.7596628665924,2108384,0.00049201597,4.92016,0.4946315884590149,9.7212906e-05,0.0029315432,0.0024395273
1562.85,38.72878,4,1563,2561.662611722946,2113357,0.0004920652,4.9206524,0.7539827823638916,9.7943994e-05,0.0033823596,0.0028902944
1562.85,39.697475,2,1565,2566.563690662384,2116557,0.000491958,4.91958,0.09105449914932251,9.9166195e-05,0.0030273944,0.0025354363
1562.85,40.745514,3,1568,2571.46706366539,2121357,0.00049163355,4.9163356,0.5352346897125244,9.833442e-05,0.0028204913,0.0023288578
1562.85,40.63429,2,1570,2576.327549934387,2124557,0.0004914386,4.9143863,0.5630719661712646,9.730928e-05,0.0030225252,0.0025310866
1551.75,39.021984,3,1573,2581.20183300972,2128913,0.0004913324,4.913324,0.5082212686538696,9.697603e-05,0.0031585447,0.0026672122
1551.75,39.010906,3,1576,2586.086954832077,2133713,0.00049118715,4.9118714,-0.2644542455673218,9.7369644e-05,0.003196223,0.0027050357
1551.75,39.975334,2,1578,2590.9698939323425,2136913,0.0004910889,4.910889,0.5532617568969727,0.000100683814,0.0027644045,0.0022733156
1497.175,33.076042,4,1582,2595.879682779312,2141130,0.0004910307,4.910307,0.5536482632160187,9.743104e-05,0.003467844,0.0029768134
1497.175,33.580986,3,1585,2600.7638926506042,2145930,0.0004908668,4.908668,-10.816085815429688,9.642431e-05,0.0030957342,0.0026048673
1498.65,36.072014,2,1587,2605.625495672226,2149130,0.00049079343,4.907934,0.5065670311450958,9.901247e-05,0.0027373305,0.002246537
1498.65,37.10595,3,1590,2610.5192618370056,2153930,0.0004902267,4.9022675,0.579669177532196,9.771426e-05,0.0028962702,0.0024060435
1498.65,36.449776,2,1592,2615.407640695572,2157130,0.0004902099,4.902099,0.5265712141990662,9.884103e-05,0.0028347615,0.0023445515
1475.375,34.510735,4,1596,2620.2961690425873,2162599,0.0004902081,4.902081,0.6362576186656952,9.667862e-05,0.002825995,0.0023357868
1475.375,35.570374,2,1598,2625.1652207374573,2165799,0.0004898675,4.8986754,0.4535403251647949,0.00010498763,0.0028447136,0.002354846
1475.375,36.818638,3,1601,2630.0719385147095,2170599,0.0004898531,4.898531,0.44991809129714966,9.543443e-05,0.002858724,0.002368871
1511.05,40.84554,2,1603,2634.952944278717,2173799,0.00048946065,4.8946066,0.5592821836471558,9.6959746e-05,0.0026794742,0.0021900134
1511.05,41.336662,3,1606,2639.826498270035,2178599,0.00048926764,4.8926764,-0.21271038055419922,0.00010093006,0.0037142453,0.0032249775
1511.05,41.40517,2,1608,2644.698902606964,2181799,0.0004890627,4.890627,0.5717698037624359,9.755482e-05,0.002635296,0.0021462333
1511.05,42.07965,3,1611,2649.581114292145,2186599,0.0004890043,4.8900433,0.5493674278259277,0.00010279616,0.0024512727,0.0019622683
1522.15,44.278442,2,1613,2654.4677391052246,2189799,0.00048841315,4.8841314,0.5497892796993256,9.813087e-05,0.002534599,0.002046186
1484.35,40.62969,4,1617,2659.3917067050934,2194687,0.0004883789,4.8837895,0.6110885739326477,9.8439355e-05,0.0036260467,0.0031376677
1484.35,41.009575,3,1620,2664.2669949531555,2199487,0.00048817418,4.881742,0.16294533014297485,0.00010025434,0.003037772,0.0025495978
1520.375,42.91977,3,1623,2669.116686820984,2203545,0.00048791507,4.879151,0.7484649121761322,0.00010412109,0.0030708106,0.0025828956
1520.375,43.5435,2,1625,2673.9592316150665,2206745,0.0004878925,4.8789253,0.27148473262786865,9.577039e-05,0.0027185294,0.002230637
1520.375,43.897167,3,1628,2678.8342208862305,2211545,0.00048786573,4.8786573,0.3934381604194641,9.824445e-05,0.003153988,0.0026661223
1520.375,43.887047,2,1630,2683.697448015213,2214745,0.00048786853,4.8786855,0.48203110694885254,0.00010165741,0.002694948,0.0022070797
1499.425,41.879627,3,1633,2688.602203607559,2218707,0.00048774653,4.8774652,0.7831973880529404,0.000102854014,0.0026998979,0.0022121514
1522.7,45.542053,3,1636,2693.5072345733643,2223507,0.0004876365,4.876365,0.3494614362716675,9.4707066e-05,0.002473884,0.0019862475
1522.7,44.942352,2,1638,2698.3836119174957,2226707,0.00048760753,4.8760753,-0.11973631381988525,9.95304e-05,0.0033271303,0.002839523
1522.7,44.480324,3,1641,2703.2767736911774,2231507,0.00048757123,4.8757124,0.5960951745510101,9.725224e-05,0.0028880714,0.0024005002
1522.7,45.14504,3,1644,2708.160935163498,2236307,0.0004873441,4.873441,0.5331068933010101,9.817285e-05,0.002865109,0.0023777648
1522.7,45.539562,2,1646,2713.039888381958,2239507,0.00048748497,4.87485,0.551607608795166,0.00010139591,0.002795587,0.002308102
1522.7,46.236866,3,1649,2717.930584192276,2244307,0.00048735112,4.8735113,0.6332617998123169,9.934086e-05,0.002829426,0.0023420749
1522.7,46.27697,2,1651,2722.8073451519012,2247507,0.00048714178,4.871418,0.5079460144042969,9.987026e-05,0.0027426,0.0022554582
1522.7,47.039394,3,1654,2727.682718515396,2252307,0.00048711128,4.871113,0.50970059633255,9.639078e-05,0.0027880913,0.00230098
1560.5,51.785004,2,1656,2732.5557754039764,2255507,0.00048694084,4.8694086,0.5302483141422272,9.389274e-05,0.0026821794,0.0021952386
1532.075,47.397736,4,1660,2737.4889645576477,2260770,0.0004869634,4.869634,0.3002336025238037,9.609145e-05,0.0030571583,0.002570195
1540.0,51.579113,2,1662,2742.371883392334,2263970,0.00048704413,4.8704414,0.12362468242645264,9.3361e-05,0.0027269528,0.0022399086
1550.625,54.625847,3,1665,2747.272748708725,2268770,0.0004864722,4.8647223,0.19410699605941772,9.6136384e-05,0.0030756486,0.0025891764
1550.625,55.323814,2,1667,2752.137610912323,2271970,0.00048642626,4.8642626,0.46947717666625977,0.00010132865,0.0026335826,0.0021471563
1550.625,55.579967,3,1670,2757.0336360931396,2276770,0.00048599442,4.8599443,0.5587154626846313,9.569517e-05,0.0029114857,0.0024254913
1571.575,59.235268,2,1672,2761.89560008049,2279970,0.00048587864,4.8587866,0.4117308259010315,9.648921e-05,0.0028872285,0.0024013498
1571.575,59.119423,3,1675,2766.7767741680145,2284770,0.00048571828,4.857183,0.38969260454177856,9.776087e-05,0.0029043243,0.002418606
1571.575,60.192078,3,1678,2771.655633687973,2289570,0.00048545675,4.8545675,0.3956640958786011,9.8093806e-05,0.002887557,0.0024021002
1571.575,59.943836,2,1680,2776.5276041030884,2292770,0.0004854656,4.854656,0.45338767766952515,9.739927e-05,0.0028691543,0.0023836887
1571.575,61.515564,3,1683,2781.4329085350037,2297570,0.0004853536,4.853536,0.5327071845531464,0.00010046606,0.002473129,0.0019877753
1571.575,62.237007,2,1685,2786.2937021255493,2300770,0.0004853123,4.853123,0.4705970287322998,9.65106e-05,0.002635742,0.0021504299
1571.575,62.446888,3,1688,2791.1822504997253,2305570,0.00048525637,4.852564,0.5225529074668884,0.00010165006,0.0027639738,0.0022787175
1562.975,59.515606,3,1691,2796.0593984127045,2310026,0.0004852778,4.852778,0.5904330313205719,9.666229e-05,0.0028351373,0.0023498596
1562.975,60.407906,2,1693,2800.897170305252,2313226,0.00048512424,4.8512425,-0.39793384075164795,9.627135e-05,0.0028235684,0.002338444
1562.975,60.112038,3,1696,2805.761714696884,2318026,0.00048503178,4.850318,0.576710432767868,0.00010012314,0.0027297246,0.0022446928
1562.975,60.299156,2,1698,2810.661912202835,2321226,0.00048470043,4.8470044,0.5210573971271515,9.786847e-05,0.0026469552,0.0021622546
1580.05,61.680214,3,1701,2815.5399148464203,2325572,0.00048466594,4.8466597,0.6990352272987366,0.00010357372,0.0029781603,0.0024934944
1580.05,62.564674,3,1704,2820.42954826355,2330372,0.00048439877,4.843988,-0.033475399017333984,9.6974996e-05,0.0027618865,0.0022774877
1580.05,63.380035,2,1706,2825.296891450882,2333572,0.00048416972,4.841697,0.465143084526062,9.686337e-05,0.002731324,0.0022471542
1528.1,56.38363,4,1710,2830.2034265995026,2337894,0.00048396058,4.839606,0.49948227405548096,9.939748e-05,0.0034539418,0.0029699812
1528.1,57.41276,3,1713,2835.085613012314,2342694,0.0004838785,4.838785,-0.9517313241958618,9.7625234e-05,0.0027271209,0.0022432425
1492.175,50.738678,3,1716,2839.9712512493134,2346057,0.00048365264,4.8365264,0.7456343770027161,9.781514e-05,0.0035002157,0.0030165631
1492.175,51.949608,3,1719,2844.847870826721,2350857,0.0004836401,4.836401,-2.535398483276367,9.800469e-05,0.003364393,0.002880753
1468.25,48.768734,3,1722,2849.718326330185,2354700,0.00048359574,4.8359575,0.43885594606399536,9.8381046e-05,0.003390565,0.0029069693
1456.175,46.06834,3,1725,2854.5830981731415,2359017,0.00048361043,4.8361044,0.8185322880744934,9.824814e-05,0.0028960179,0.0024124074
1456.175,45.70053,2,1727,2859.4488246440887,2362217,0.00048332723,4.8332725,0.37458938360214233,9.61731e-05,0.0025969665,0.0021136391
1464.775,48.584415,3,1730,2864.33856010437,2367017,0.0004832518,4.832518,0.4328818917274475,9.582215e-05,0.0027398465,0.0022565946
1464.775,50.005928,2,1732,2869.211574316025,2370217,0.00048311494,4.8311496,0.48818492889404297,9.6312244e-05,0.002453506,0.001970391
1464.775,48.76683,3,1735,2874.081528902054,2375017,0.0004830346,4.830346,0.3722926378250122,9.822902e-05,0.0028187486,0.002335714
1445.475,45.66938,3,1738,2878.9676480293274,2379045,0.00048319506,4.8319507,0.828037366271019,9.5462616e-05,0.0028131886,0.0023299935
1451.925,46.000847,3,1741,2883.8432586193085,2383649,0.00048321122,4.8321123,0.616105705499649,9.71891e-05,0.0026711533,0.0021879422
1451.925,45.97642,2,1743,2888.7113280296326,2386849,0.00048317865,4.8317866,-0.41336214542388916,9.410552e-05,0.0034212447,0.002938066
1451.925,45.701454,3,1746,2893.5900218486786,2391649,0.000482835,4.82835,0.41252750158309937,9.824491e-05,0.0028317128,0.0023488777
1451.925,45.428265,2,1748,2898.451597929001,2394849,0.00048263953,4.8263955,0.5729826092720032,9.921714e-05,0.0026805098,0.0021978703
1503.875,53.084656,3,1751,2903.3338050842285,2399649,0.00048225035,4.8225036,0.49119502305984497,0.000100946956,0.0027320855,0.002249835
1503.875,53.218414,2,1753,2908.1797621250153,2402849,0.00048225044,4.8225045,0.24672865867614746,9.22738e-05,0.002938517,0.0024562664
1539.8,60.82124,3,1756,2913.041457414627,2407649,0.00048199252,4.8199253,0.6630882620811462,9.8951496e-05,0.0027937847,0.0023117922
1539.8,61.814075,3,1759,2917.909825563431,2412449,0.00048188286,4.8188286,0.527220606803894,9.7102624e-05,0.0027337677,0.002251885
1539.8,62.492363,2,1761,2922.7498064041138,2415649,0.00048173065,4.8173065,0.4648939371109009,9.749961e-05,0.0026113864,0.0021296558
1575.8,69.58878,3,1764,2927.6295771598816,2420449,0.00048168882,4.8168883,0.46298104524612427,9.856379e-05,0.0027169073,0.0022352184
1575.8,70.88501,2,1766,2932.478515625,2423649,0.00048128204,4.8128204,0.5329908132553101,9.550962e-05,0.0029093872,0.002428105
1575.8,70.94348,3,1769,2937.3514676094055,2428449,0.0004813643,4.813643,0.33911561965942383,9.680964e-05,0.002874076,0.0023927116
1575.8,70.84934,2,1771,2942.207819700241,2431649,0.0004810304,4.810304,0.4760362505912781,0.00010324536,0.0025641723,0.0020831418
1575.8,72.521324,3,1774,2947.065694093704,2436449,0.0004808914,4.808914,0.46738362312316895,9.753516e-05,0.0026219226,0.0021410312
1575.8,72.816734,2,1776,2951.913479089737,2439649,0.0004807866,4.807866,0.49853020906448364,9.882661e-05,0.002806502,0.0023257153
1595.1,76.596794,3,1779,2956.7909185886383,2444449,0.00048073783,4.8073783,0.5094011425971985,0.000101114914,0.00265415,0.0021734121
1595.1,78.1487,3,1782,2961.63290476799,2449053,0.00048083687,4.8083687,0.7250409722328186,0.00010054966,0.0031798568,0.0026990199
1595.1,79.61992,2,1784,2966.4909381866455,2452253,0.00048081114,4.8081117,0.46768325567245483,0.00010073126,0.0026790507,0.0021982396
1595.1,80.76229,3,1787,2971.365104675293,2457053,0.00048064202,4.8064203,-4.138001441955566,9.59897e-05,0.0035791537,0.0030985116
1560.1,77.06828,3,1790,2976.2371301651,2460453,0.00048064013,4.8064013,0.6779441833496094,9.6993455e-05,0.002825364,0.0023447238
1560.1,77.00292,3,1793,2981.127941131592,2465253,0.0004806615,4.806615,0.28339821100234985,9.970038e-05,0.002803601,0.0023229397
1560.1,78.47609,2,1795,2985.9868931770325,2468453,0.00048018355,4.8018355,0.5028135180473328,0.000101287194,0.0027444747,0.002264291
1560.1,78.27031,3,1798,2990.896226644516,2473253,0.00048003707,4.8003707,0.5243062078952789,9.939325e-05,0.0029862155,0.0025061783
1560.1,78.583534,3,1801,2995.7473454475403,2478053,0.0004798747,4.798747,0.6000618040561676,9.821629e-05,0.0027104996,0.002230625
1560.1,79.44987,2,1803,3000.6086044311523,2481253,0.0004798018,4.798018,0.456939160823822,0.00010143078,0.0036257806,0.0031459788
1560.1,78.977684,3,1806,3005.490532398224,2486053,0.0004798316,4.798316,0.4738556146621704,9.8092736e-05,0.002657999,0.0021781675
1560.1,79.27575,2,1808,3010.324772119522,2489253,0.0004797832,4.797832,0.5326528251171112,0.00010047348,0.002619703,0.00213992
1560.1,82.07033,3,1811,3015.1873886585236,2494053,0.0004796624,4.796624,0.488739013671875,9.760611e-05,0.0023795066,0.0018998442
1532.0,77.93463,3,1814,3020.0735924243927,2497729,0.00047980962,4.798096,0.6419387757778168,9.9171404e-05,0.0031612574,0.0026814477
1506.225,75.69625,3,1817,3024.9334902763367,2501498,0.00047966055,4.7966056,0.6491847932338715,9.413906e-05,0.0027999317,0.0023202712
1511.125,79.80396,3,1820,3029.8167989254,2506298,0.00047937006,4.7937007,0.3666037321090698,0.00010228902,0.0027281854,0.0022488153
1511.125,78.97693,2,1822,3034.750967979431,2509498,0.00047944544,4.7944546,0.42471760511398315,9.6663905e-05,0.0026689097,0.0021894644
1511.125,78.2325,3,1825,3039.62602353096,2514298,0.0004794698,4.794698,-0.9024969339370728,9.7560056e-05,0.0035037326,0.0030242628
1511.125,78.74107,2,1827,3044.4913601875305,2517498,0.00047948392,4.7948394,0.5085709393024445,9.780696e-05,0.0028128522,0.0023333682
1546.125,84.38628,3,1830,3049.3772151470184,2522298,0.00047924818,4.792482,0.4832230806350708,9.940125e-05,0.0026556358,0.0021763877
1532.7,82.44284,3,1833,3054.2515857219696,2526561,0.0004793218,4.793218,0.4019455909729004,9.969494e-05,0.0028423797,0.0023630578
1532.7,82.171715,2,1835,3059.103699684143,2529761,0.0004794196,4.794196,-0.683756947517395,9.5859854e-05,0.002733515,0.0022540954
1532.7,81.94906,3,1838,3063.972933292389,2534561,0.00047933095,4.7933097,0.5229966640472412,0.000100716075,0.0027559383,0.0022766073
1517.425,77.7834,3,1841,3068.829172372818,2538750,0.00047920935,4.7920938,0.6453028917312622,9.862086e-05,0.003075773,0.0025965634
1517.425,78.82493,3,1844,3073.6764369010925,2543550,0.00047912344,4.7912345,0.4746253490447998,0.00010304336,0.0027270485,0.002247925
1517.425,79.0852,2,1846,3078.52170419693,2546750,0.00047937778,4.793778,0.4278484582901001,9.8194374e-05,0.002706497,0.0022271192
1517.425,79.767944,3,1849,3083.3689618110657,2551550,0.00047918447,4.791845,0.47690433263778687,0.00010410273,0.002807125,0.0023279404
1517.425,79.14206,2,1851,3088.201047897339,2554750,0.0004789389,4.789389,0.44420409202575684,0.00010221962,0.0029604607,0.0024815218
1545.525,83.35155,3,1854,3093.067283630371,2559550,0.00047900437,4.790044,0.498090922832489,9.7873024e-05,0.0026753272,0.002196323
1547.075,82.69182,3,1857,3097.9315781593323,2563381,0.0004791967,4.791967,0.8552759289741516,9.893341e-05,0.0029655288,0.002486332
1547.075,83.16568,3,1860,3102.7810068130493,2568181,0.00047887358,4.788736,0.19640672206878662,9.578059e-05,0.0027997505,0.002320877
1547.075,83.3901,2,1862,3107.6448922157288,2571381,0.00047858647,4.785865,0.2011069655418396,0.00010185961,0.002889267,0.0024106805
1534.9,80.92998,3,1865,3112.5028369426727,2575694,0.00047865257,4.7865257,0.6016168892383575,0.000100314166,0.0032841132,0.0028054607
1534.9,81.76251,2,1867,3117.346217393875,2578894,0.0004782567,4.782567,0.22256571054458618,0.000101713755,0.0027720802,0.0022938235
1534.9,81.607056,3,1870,3122.2133338451385,2583694,0.00047811016,4.7811017,0.2747389078140259,9.8457036e-05,0.0025888882,0.002110778
1548.325,84.510704,3,1873,3127.08641910553,2588494,0.00047810044,4.7810044,0.5128595232963562,9.562085e-05,0.0025363823,0.0020582818
1517.35,80.00103,3,1876,3131.9538609981537,2592055,0.00047810824,4.7810826,0.7414610981941223,9.9989644e-05,0.002517852,0.0020397438
1517.35,81.66106,3,1879,3136.8272573947906,2596855,0.0004784323,4.784323,0.3316580653190613,9.892996e-05,0.002629976,0.0021515437
1532.625,85.59168,2,1881,3141.6813700199127,2600055,0.00047823033,4.7823033,0.5197093486785889,0.00010224689,0.0027929214,0.002314691
1532.625,84.902306,3,1884,3146.563683271408,2604855,0.00047816613,4.7816615,0.5135840177536011,9.868128e-05,0.0025385185,0.0020603524
1532.625,85.527466,2,1886,3151.419828891754,2608055,0.0004782246,4.782246,0.5292748212814331,9.962791e-05,0.002510364,0.0020321393
1532.625,85.79393,3,1889,3156.282338142395,2612855,0.0004784689,4.784689,0.5695583820343018,0.00010171821,0.0025809747,0.0021025059
1532.625,86.966064,2,1891,3161.143989801407,2616055,0.00047845667,4.784567,0.4619010090827942,9.9488185e-05,0.0025368594,0.0020584026
1532.625,87.84017,3,1894,3166.001533269882,2620855,0.00047829602,4.7829604,0.5002482831478119,0.00010157237,0.0026198667,0.0021415707
1556.85,92.56319,2,1896,3170.8699436187744,2624055,0.0004781577,4.781577,0.5120538473129272,9.928568e-05,0.002814123,0.0023359652
1556.85,92.93274,3,1899,3175.7180671691895,2628855,0.0004778808,4.778808,0.5497625470161438,9.537069e-05,0.002665214,0.0021873333
1556.85,93.805954,3,1902,3180.588381052017,2633655,0.00047773632,4.7773633,0.4712907671928406,0.000102176244,0.0026934613,0.002215725
1556.85,94.61579,2,1904,3185.437249660492,2636855,0.00047758984,4.7758985,0.4617915153503418,9.9483674e-05,0.002473308,0.001995718
1569.025,98.4137,3,1907,3190.2984330654144,2641655,0.000477645,4.77645,0.49681347608566284,9.713866e-05,0.0025904002,0.002112755
1569.025,98.402115,2,1909,3195.161625146866,2644855,0.00047736047,4.773605,0.6339090764522552,9.887974e-05,0.002679893,0.0022025325
1569.025,99.31521,3,1912,3200.0312898159027,2649655,0.0004773289,4.773289,0.5474432408809662,9.798157e-05,0.002449613,0.0019722842
1569.025,100.56207,2,1914,3204.876958847046,2652855,0.0004771966,4.771966,0.4802517890930176,0.00010314936,0.0026638743,0.0021866777
1600.0,105.12203,3,1917,3209.7502958774567,2657655,0.00047715672,4.7715673,0.5640126764774323,9.813899e-05,0.002446759,0.0019696024
1600.0,106.23413,2,1919,3214.585762500763,2660855,0.00047683888,4.7683887,0.5884995460510254,0.00010434413,0.002896275,0.0024194361
1600.0,106.690125,3,1922,3219.445848464966,2665655,0.00047690448,4.769045,0.4606332778930664,9.612151e-05,0.0025698142,0.0020929098
1600.0,107.28365,3,1925,3224.2880294322968,2670455,0.00047665756,4.766576,0.37601977586746216,9.781582e-05,0.0028719122,0.0023952546
1600.0,108.04497,2,1927,3229.1357169151306,2673655,0.00047653035,4.7653036,0.5556969940662384,9.93007e-05,0.0025584225,0.0020818922
1600.0,109.258766,3,1930,3234.0120527744293,2678455,0.00047639178,4.763918,0.44722163677215576,0.00010165798,0.00284962,0.0023732283
1600.0,109.653,2,1932,3238.863934278488,2681655,0.0004763433,4.763433,0.630145400762558,9.852732e-05,0.00264168,0.0021653366
1577.575,106.50932,3,1935,3243.733080625534,2685558,0.00047635107,4.7635107,0.3872036337852478,9.908854e-05,0.0034660534,0.0029897024
1577.575,105.50008,3,1938,3248.5920300483704,2690358,0.00047639097,4.76391,-0.7274771928787231,9.744005e-05,0.0028848904,0.0024084994
1577.575,106.31175,3,1941,3253.4614520072937,2695158,0.00047635048,4.763505,0.4658550024032593,9.8736935e-05,0.0024772845,0.002000934
1577.575,106.088196,2,1943,3258.3163738250732,2698358,0.00047613925,4.7613926,0.5866672396659851,9.755118e-05,0.0026191697,0.0021430305
1577.575,106.99336,3,1946,3263.192808866501,2703158,0.00047622065,4.7622066,0.505788266658783,9.535295e-05,0.002615892,0.0021396715
1577.575,107.46155,2,1948,3268.0383734703064,2706358,0.0004761743,4.761743,0.5842031836509705,9.798973e-05,0.0028589189,0.0023827446
1565.5,104.29734,3,1951,3272.9233922958374,2710675,0.00047602342,4.7602344,0.5693084895610809,9.5980606e-05,0.0025029338,0.0020269104
1565.5,104.141846,3,1954,3277.7831556797028,2715475,0.00047587827,4.758783,-5.8506011962890625,9.825436e-05,0.0024316115,0.0019557332
1565.5,103.62545,2,1956,3282.6347506046295,2718675,0.00047584472,4.758447,0.4626515507698059,9.8863195e-05,0.0028458084,0.0023699636
1541.9,98.98275,3,1959,3287.503479719162,2722531,0.00047568162,4.7568164,0.28751927614212036,9.619056e-05,0.0032142184,0.0027385368
1516.625,95.854126,4,1963,3292.3772115707397,2727920,0.00047579783,4.7579784,0.591780036687851,9.5289244e-05,0.002503817,0.0020280192
1516.625,94.87935,2,1965,3297.2183084487915,2731120,0.0004756513,4.756513,-0.6159487962722778,9.749207e-05,0.0026639872,0.0021883359
1516.625,94.42202,3,1968,3302.086711168289,2735920,0.0004756102,4.756102,0.32375043630599976,9.597122e-05,0.002543334,0.0020677238
1516.625,94.32986,2,1970,3306.9093317985535,2739120,0.00047535205,4.7535205,0.4871508479118347,9.732346e-05,0.002826054,0.0023507022
1504.875,90.61066,3,1973,3311.758422613144,2743450,0.0004754883,4.7548833,0.3123568892478943,9.712472e-05,0.0028179013,0.002342413
1509.925,91.87538,3,1976,3316.6136622428894,2747555,0.00047542472,4.754247,0.7097131013870239,9.5026015e-05,0.0028301287,0.0023547038
1509.925,91.01687,3,1979,3321.475551366806,2752355,0.00047538857,4.7538857,0.3557283878326416,9.646262e-05,0.0023930182,0.0019176297
1509.925,90.01959,2,1981,3326.3046197891235,2755555,0.00047527635,4.7527637,0.4102097749710083,9.9463956e-05,0.0029770513,0.002501775
1509.925,90.19707,3,1984,3331.168711900711,2760355,0.00047536686,4.753669,0.5214317440986633,0.000103651546,0.0030586717,0.002583305
1509.925,89.78335,2,1986,3336.011061191559,2763555,0.00047536814,4.7536817,0.4823053479194641,9.170897e-05,0.0025990515,0.0021236832
1509.925,88.96263,3,1989,3340.873049020767,2768355,0.00047539128,4.753913,0.5314922630786896,0.000100031466,0.0025105427,0.0020351515
1522.0,93.52698,2,1991,3345.714948415756,2771555,0.0004753829,4.753829,0.5574859380722046,9.7073964e-05,0.0025411726,0.0020657897
1522.0,93.595665,3,1994,3350.5766093730927,2776355,0.00047521185,4.7521186,0.45184141397476196,0.000100704034,0.0026863755,0.0022111638
1522.0,94.48121,3,1997,3355.4360151290894,2781155,0.0004751871,4.751871,0.49651509523391724,0.00010308412,0.0024512867,0.0019760996
1513.375,93.78079,3,2000,3360.3065178394318,2784666,0.00047517917,4.751792,0.7430548667907715,9.809403e-05,0.0029082836,0.0024331044
1538.65,98.20404,2,2002,3365.1392793655396,2787866,0.00047522038,4.752204,0.0972285270690918,0.00010070596,0.0029491126,0.0024738922
1538.65,100.30862,3,2005,3369.9834315776825,2792666,0.00047508738,4.750874,0.5869186818599701,9.979929e-05,0.002740224,0.0022651365
1538.65,99.79089,3,2008,3374.8348474502563,2797466,0.00047502387,4.750239,0.4620853066444397,9.716117e-05,0.002685633,0.0022106091
1538.65,101.56606,2,2010,3379.6747884750366,2800666,0.000474734,4.74734,0.5142141282558441,0.00010077217,0.002693319,0.002218585
1550.4,104.96625,3,2013,3384.5286569595337,2805466,0.0004744359,4.744359,0.5370743870735168,9.645794e-05,0.0027891602,0.0023147243
1542.725,104.2792,3,2016,3389.379353761673,2809264,0.00047421674,4.7421675,0.4694811701774597,9.815392e-05,0.0029430436,0.002468827
1542.725,105.32881,2,2018,3394.218636035919,2812464,0.0004737523,4.737523,0.4422439932823181,9.931797e-05,0.003002552,0.0025287997
1531.0,103.41209,3,2021,3399.065583705902,2816795,0.00047378955,4.7378955,0.7191498279571533,9.875174e-05,0.0026608089,0.0021870192
1531.0,102.9539,3,2024,3403.8977863788605,2821595,0.00047382872,4.7382874,0.4152197241783142,9.947459e-05,0.0027219376,0.0022481089
1531.0,102.92482,2,2026,3408.7405259609222,2824795,0.00047375506,4.7375507,0.5619355142116547,9.685129e-05,0.0026208973,0.002147142
1531.0,103.5308,3,2029,3413.5916678905487,2829595,0.00047363294,4.7363296,0.46174436807632446,9.6501666e-05,0.00259372,0.0021200872
1531.0,103.14083,3,2032,3418.453932762146,2834395,0.00047355707,4.735571,0.4339156746864319,9.839305e-05,0.0027497686,0.0022762115
1531.0,103.51044,2,2034,3423.2806601524353,2837595,0.0004735453,4.735453,0.5881060063838959,9.6681484e-05,0.0025746021,0.0021010567
1531.0,103.74095,3,2037,3428.1335048675537,2842395,0.00047342732,4.7342734,0.4508739709854126,9.9632234e-05,0.0029318053,0.002458378
1525.325,103.41077,3,2040,3432.981259584427,2845679,0.0004734598,4.734598,0.6463430821895599,9.5229116e-05,0.0035642402,0.0030907805
1525.325,103.0604,3,2043,3437.8581314086914,2850479,0.00047344525,4.7344527,0.2455425262451172,9.9367106e-05,0.0026739575,0.0022005122
1525.325,102.24714,2,2045,3442.6901199817657,2853679,0.00047343547,4.734355,0.4675159454345703,9.312174e-05,0.002680543,0.0022071076
1525.325,103.37207,3,2048,3447.554893732071,2858479,0.00047309828,4.730983,0.4292061924934387,9.7912765e-05,0.0027880522,0.0023149538
1525.325,102.50435,2,2050,3452.4005529880524,2861679,0.0004729395,4.729395,0.5203266441822052,0.00010051568,0.0027905,0.0023175604
1525.325,103.97262,3,2053,3457.2752096652985,2866479,0.0004730738,4.730738,0.4778885245323181,9.593296e-05,0.0026888615,0.0022157878
1550.375,109.251816,3,2056,3462.138548851013,2871279,0.0004731103,4.731103,0.5356210768222809,9.912944e-05,0.0030956406,0.0026225303
1550.375,109.02113,2,2058,3467.012363910675,2874479,0.00047308544,4.7308545,0.5538911819458008,0.00010331046,0.0024387199,0.0019656345
1562.1,112.22661,3,2061,3471.8788888454437,2879279,0.00047319272,4.7319274,0.5476972162723541,9.850345e-05,0.0027748856,0.002301693
1562.1,113.001976,2,2063,3476.733776330948,2882479,0.00047314257,4.731426,0.6185418963432312,9.636351e-05,0.0026848335,0.0022116909
1562.1,114.292496,3,2066,3481.626186132431,2887279,0.00047297153,4.7297153,0.5489397644996643,9.718614e-05,0.0024046437,0.0019316722
1562.1,115.04283,2,2068,3486.4513671398163,2890479,0.00047279437,4.727944,0.43071824312210083,0.00010113088,0.0025313525,0.0020585582
1562.1,115.41616,3,2071,3491.3131396770477,2895279,0.00047280252,4.7280254,0.5285514295101166,9.9545505e-05,0.002806503,0.0023337007
1562.1,116.47368,2,2073,3496.171411037445,2898479,0.00047259955,4.7259955,0.5836728811264038,0.00010059179,0.0025107583,0.0020381587
1562.1,116.83307,3,2076,3501.0509073734283,2903279,0.0004723389,4.723389,0.5549998879432678,9.9952915e-05,0.0029807934,0.0025084545
1600.0,122.87804,3,2079,3505.9126501083374,2908079,0.0004721193,4.7211933,0.4904308319091797,9.6342905e-05,0.0027145064,0.002242387
1600.0,123.0876,2,2081,3510.7525527477264,2911279,0.00047167906,4.7167907,0.5165534615516663,9.739933e-05,0.002761384,0.002289705
1600.0,123.79076,3,2084,3515.607085943222,2916079,0.0004716875,4.716875,0.44897812604904175,0.00010025232,0.00272065,0.0022489626
1600.0,123.569496,2,2086,3520.4392278194427,2919279,0.0004715167,4.715167,0.5617049932479858,0.00010255899,0.002550548,0.0020790312
1600.0,123.01229,3,2089,3525.3088884353638,2924079,0.0004713649,4.7136493,0.5131608247756958,0.00010157851,0.002729782,0.002258417
1600.0,122.748634,2,2091,3530.1505494117737,2927279,0.00047119398,4.71194,0.4923957586288452,9.8219054e-05,0.002668719,0.002197525
1600.0,123.21948,3,2094,3535.0071136951447,2932079,0.00047116718,4.711672,0.4951648712158203,0.00010360306,0.0028438536,0.0023726863
1600.0,122.957016,2,2096,3539.839830160141,2935279,0.00047088435,4.7088437,0.4647558927536011,0.00010109767,0.0027833742,0.0023124898
1600.0,124.43086,3,2099,3544.695501089096,2940079,0.00047090673,4.7090673,0.4696769118309021,9.79991e-05,0.0025387353,0.0020678286
1600.0,124.27693,3,2102,3549.5647382736206,2944879,0.00047067864,4.7067866,0.5009962320327759,9.874717e-05,0.002594386,0.0021237074
1600.0,124.28825,2,2104,3554.4114861488342,2948079,0.0004705238,4.7052383,0.5933901071548462,9.8441495e-05,0.0028250632,0.0023545395
1600.0,125.101364,3,2107,3559.2804555892944,2952879,0.00047024174,4.7024174,0.48212534189224243,9.937894e-05,0.0028352006,0.0023649589
1600.0,124.096436,2,2109,3564.1443881988525,2956079,0.000469979,4.69979,0.5038451552391052,0.00010287356,0.0025918947,0.0021219158
1600.0,124.012405,3,2112,3569.00639629364,2960879,0.00046972398,4.69724,0.5694937705993652,0.00010002825,0.0026271832,0.0021574593
1600.0,124.328,2,2114,3573.854731321335,2964079,0.0004697508,4.6975083,0.6350123584270477,0.00010018272,0.002478984,0.0020092332
1600.0,125.15669,3,2117,3578.7270936965942,2968879,0.00046971824,4.6971827,0.5596522390842438,0.0001011099,0.0024838932,0.002014175
1600.0,126.38053,3,2120,3583.575315475464,2973679,0.00046956592,4.695659,0.4781607985496521,0.00010001255,0.0026508574,0.0021812916
1600.0,125.67507,2,2122,3588.4421598911285,2976879,0.00046955323,4.6955323,0.46942853927612305,0.00010220387,0.0028500515,0.0023804982
1600.0,126.315,3,2125,3593.3025064468384,2981679,0.00046938736,4.693874,0.5721439719200134,9.777291e-05,0.0026732213,0.002203834
1600.0,126.48141,2,2127,3598.1448726654053,2984879,0.00046919202,4.6919203,0.533555269241333,9.438499e-05,0.0027322872,0.0022630952
1600.0,128.3879,3,2130,3602.98610162735,2989679,0.00046899478,4.689948,0.48020803928375244,9.790617e-05,0.0026392376,0.0021702428
1578.5,124.0918,3,2133,3607.8184027671814,2993619,0.00046887257,4.688726,0.47847414016723633,9.290557e-05,0.0028061687,0.0023372963
1578.5,124.30937,2,2135,3612.63973903656,2996819,0.00046888614,4.6888614,-0.6419625282287598,9.716126e-05,0.0027304464,0.0022615602
1578.5,123.79797,3,2138,3617.501285791397,3001619,0.00046880727,4.6880727,0.2983795404434204,9.277228e-05,0.0025748832,0.0021060759
1578.5,124.804565,3,2141,3622.358462572098,3006419,0.00046869137,4.686914,0.423320472240448,9.531426e-05,0.0025685271,0.0020998358
1578.5,124.31191,2,2143,3627.1888856887817,3009619,0.00046848392,4.6848392,0.46697962284088135,0.00010019129,0.002575993,0.0021075092
1578.5,124.85964,3,2146,3632.0228431224823,3014419,0.00046831835,4.6831837,0.5104878544807434,0.00010434422,0.0026917513,0.002223433
1578.5,125.07292,2,2148,3636.8457067012787,3017619,0.00046826224,4.6826224,0.5033664703369141,0.000101960584,0.0027226342,0.002254372
1578.5,125.975784,3,2151,3641.6952047348022,3022419,0.00046823468,4.682347,0.3761051893234253,0.000101162805,0.00269909,0.0022308552
1578.5,125.50783,2,2153,3646.5478613376617,3025619,0.00046815004,4.6815004,0.5385351181030273,9.924904e-05,0.0023774088,0.0019092588
1578.5,125.59474,3,2156,3651.3755288124084,3030419,0.0004679932,4.679932,0.48723530769348145,9.846248e-05,0.0028698323,0.0024018392
1578.5,125.60478,2,2158,3656.2156801223755,3033619,0.00046784471,4.6784472,0.5897403955459595,9.679339e-05,0.0026261772,0.0021583324
1578.5,126.16091,3,2161,3661.0550906658173,3038419,0.00046771482,4.6771483,0.5087803900241852,9.700263e-05,0.0027248147,0.0022570998
1577.475,124.41089,3,2164,3665.8925116062164,3043178,0.00046774882,4.6774883,0.343416690826416,9.744252e-05,0.0026749198,0.002207171
1577.475,125.259995,2,2166,3670.742604970932,3046378,0.000467611,4.6761103,0.26426225900650024,9.5107185e-05,0.002687208,0.0022195969
1577.475,125.19688,3,2169,3675.5882515907288,3051178,0.00046755586,4.6755586,0.46548837423324585,9.7211065e-05,0.0026784975,0.0022109416
1577.475,124.21633,2,2171,3680.412870168686,3054378,0.00046753764,4.6753764,0.39322686195373535,9.9575154e-05,0.002674476,0.0022069383
1598.975,128.53229,3,2174,3685.2706387043,3059178,0.0004674098,4.674098,0.4140048623085022,9.71002e-05,0.002496472,0.0020290622
1598.975,128.76183,2,2176,3690.083344221115,3062378,0.0004673345,4.673345,0.4997127652168274,9.609468e-05,0.0025845314,0.002117197
1598.975,129.24449,3,2179,3694.919322013855,3067178,0.0004673931,4.673931,0.4621412754058838,9.715301e-05,0.0026012792,0.002133886
1594.475,126.27312,3,2182,3699.751258134842,3071798,0.0004672768,4.672768,0.555867075920105,9.655155e-05,0.0026137417,0.0021464648
1565.075,121.65719,3,2185,3704.58180475235,3075422,0.00046723636,4.6723638,0.724985271692276,9.7426644e-05,0.002756838,0.0022896016
1565.075,122.38125,2,2187,3709.4071714878082,3078622,0.00046735824,4.6735826,-0.5453165769577026,9.8878954e-05,0.0030217303,0.0025543722
1565.075,121.488304,3,2190,3714.254287958145,3083422,0.00046721258,4.672126,0.537616640329361,9.627241e-05,0.0026012168,0.0021340041
1565.075,121.314674,3,2193,3719.10573720932,3088222,0.00046722035,4.6722035,0.41730278730392456,0.0001036123,0.0029339856,0.0024667652
1565.075,121.30007,2,2195,3723.9386467933655,3091422,0.00046684817,4.668482,0.5273528099060059,0.00010345121,0.002741987,0.0022751386
1535.5,116.739845,3,2198,3728.781614303589,3095039,0.00046676458,4.667646,0.39831262826919556,0.000101589496,0.0030057225,0.0025389579
1510.675,115.584915,4,2202,3733.6379923820496,3100405,0.00046693295,4.6693296,0.7531712651252747,9.760137e-05,0.0029080766,0.0024411436
1510.675,116.06659,2,2204,3738.4828243255615,3103605,0.0004669458,4.6694584,-0.25043821334838867,9.8970384e-05,0.002736091,0.002269145
1510.675,115.678246,3,2207,3743.311719417572,3108405,0.00046689203,4.6689205,0.4412078857421875,9.599005e-05,0.0028110575,0.0023441655
1471.65,107.41463,3,2210,3748.15416431427,3111644,0.00046672573,4.6672573,0.5936328172683716,9.7463635e-05,0.0028315373,0.0023648115
1471.65,107.80196,3,2213,3752.996813058853,3116444,0.0004665119,4.665119,-0.9777622222900391,9.7858996e-05,0.0031826764,0.0027161646
1468.575,104.95962,3,2216,3757.8474090099335,3121121,0.00046657457,4.6657457,0.7872736304998398,0.00010306465,0.0035840143,0.0031174398
1468.575,104.38173,2,2218,3762.687429666519,3124321,0.000466236,4.66236,0.39031100273132324,9.5214506e-05,0.0029696706,0.0025034347
1436.05,101.415306,4,2222,3767.549771785736,3129240,0.00046623324,4.6623325,0.7279874086380005,9.6089854e-05,0.00284329,0.002377057
1431.7,100.36525,3,2225,3772.3672637939453,3132690,0.00046612372,4.6612372,0.7221703231334686,9.809094e-05,0.0029052668,0.0024391431
1429.05,96.6431,3,2228,3777.181373357773,3137384,0.00046605046,4.660505,0.658282458782196,9.49955e-05,0.002953513,0.0024874625
1393.15,92.35577,3,2231,3782.005321264267,3140748,0.00046594438,4.659444,0.8371376693248749,0.00010039778,0.0029252819,0.0024593375
1393.15,91.720566,3,2234,3786.8521089553833,3145548,0.0004662702,4.662702,0.4328903555870056,9.7234995e-05,0.002603107,0.0021368368
1393.15,90.91123,2,2236,3791.6686384677887,3148748,0.0004660887,4.6608872,0.5312611162662506,9.898306e-05,0.0025782825,0.0021121937
1421.075,92.77866,3,2239,3796.4954826831818,3153482,0.0004660158,4.660158,0.6769908666610718,9.887635e-05,0.0029373015,0.0024712856
1410.025,92.00992,3,2242,3801.3246161937714,3156806,0.00046600564,4.6600566,0.7996782809495926,9.760312e-05,0.0030575385,0.002591533
1410.025,92.219894,3,2245,3806.1585369110107,3161606,0.000465918,4.65918,0.0031765103340148926,9.732702e-05,0.0027387075,0.0022727894
1385.9,87.15477,3,2248,3810.9930753707886,3165441,0.00046594447,4.659445,0.3863058090209961,9.587315e-05,0.003083116,0.0026171715
1424.925,95.89791,3,2251,3815.836717605591,3170241,0.0004659642,4.659642,0.02492755651473999,9.934614e-05,0.0029856043,0.0025196401
1399.8,92.78383,3,2254,3820.6696343421936,3174036,0.00046605596,4.6605597,0.5967229008674622,9.9057404e-05,0.0024930162,0.0020269603
1402.875,96.13696,2,2256,3825.502844810486,3177236,0.00046600163,4.6600165,0.4937519431114197,9.900787e-05,0.0026616717,0.00219567
1382.3,93.05577,3,2259,3830.3614337444305,3181213,0.00046590352,4.659035,0.6586920022964478,9.675609e-05,0.003189445,0.0027235416
1419.325,100.01074,3,2262,3835.207396030426,3186013,0.00046588562,4.6588564,-1.101167917251587,0.00010163906,0.0027938783,0.0023279926
1453.075,106.132774,2,2264,3840.02832198143,3189213,0.00046573294,4.6573296,0.48832815885543823,9.940207e-05,0.002792188,0.002326455
1455.725,110.25697,3,2267,3844.8623189926147,3194013,0.00046558402,4.6558404,0.49714183807373047,9.458777e-05,0.002666118,0.002200534
1491.625,116.06284,3,2270,3849.6935272216797,3198813,0.00046555384,4.6555386,0.46466976404190063,0.00010601572,0.0027048467,0.0022392927
1464.1,109.60171,3,2273,3854.521823167801,3202512,0.00046551885,4.6551886,0.6720315515995026,9.965415e-05,0.0025860558,0.002120537
1464.1,109.61576,2,2275,3859.3538823127747,3205712,0.0004652732,4.652732,-0.5488780736923218,9.621064e-05,0.0029490269,0.0024837537
1464.1,109.45271,3,2278,3864.2042248249054,3210512,0.00046523442,4.652344,0.40969187021255493,9.704818e-05,0.0023978716,0.0019326371
1465.75,112.94816,3,2281,3869.0422892570496,3215312,0.00046512275,4.6512275,0.3880310654640198,0.000102403224,0.0027385582,0.0022734355
1502.65,118.97577,2,2283,3873.847867012024,3218512,0.00046467036,4.6467037,0.4013140797615051,9.5411015e-05,0.0026349416,0.0021702712
1502.65,119.10178,3,2286,3878.674515247345,3223312,0.00046460962,4.646096,0.41134124994277954,9.90805e-05,0.0028991036,0.002434494
1526.775,124.75564,2,2288,3883.4718146324158,3226512,0.0004645044,4.6450443,0.43250972032546997,9.64912e-05,0.0026526365,0.0021881321
1507.2,120.8942,3,2291,3888.3176872730255,3230529,0.00046449978,4.644998,0.5088598430156708,0.000103033686,0.003184731,0.0027202312
1495.0,119.560036,4,2295,3893.1797757148743,3235436,0.00046442865,4.6442866,0.7791001349687576,0.00010025191,0.0028981883,0.0024337596
1493.9,118.73511,3,2298,3898.024374961853,3239369,0.00046455138,4.645514,0.7745453268289566,0.00010003049,0.003192843,0.0027282916
1493.9,117.023926,2,2300,3902.8624455928802,3242569,0.00046444518,4.644452,-1.2127783298492432,9.919529e-05,0.0026331553,0.00216871
1493.9,115.36552,3,2303,3907.723768234253,3247369,0.00046416,4.6416,0.46762973070144653,0.00010025414,0.0028698966,0.0024057366
1488.1,111.11206,3,2306,3912.563856124878,3251937,0.00046420965,4.6420965,0.6845528185367584,9.973664e-05,0.0031151047,0.0026508952
1488.1,111.264626,2,2308,3917.391197681427,3255137,0.00046389096,4.63891,-0.17183327674865723,0.0001000426,0.0026501263,0.0021862355
1504.825,115.45027,3,2311,3922.231951236725,3259937,0.00046380842,4.6380844,0.39924532175064087,9.834465e-05,0.0025847757,0.0021209673
1515.625,117.58604,2,2313,3927.033772468567,3263137,0.00046379192,4.6379194,0.3097665309906006,9.986202e-05,0.0029728778,0.002509086
1515.625,117.38938,3,2316,3931.891546726227,3267937,0.0004636573,4.6365733,0.47472745180130005,9.640165e-05,0.002806103,0.0023424458
1515.625,117.44435,2,2318,3936.766111135483,3271137,0.00046340542,4.634054,0.48890095949172974,9.742423e-05,0.0023552664,0.0018918609
1515.625,117.57591,3,2321,3941.637438058853,3275937,0.00046305358,4.630536,0.4929083585739136,9.930978e-05,0.0026614317,0.002198378
1489.575,112.63749,3,2324,3946.500458240509,3279695,0.00046310973,4.6310973,0.496720552444458,9.6047064e-05,0.002467672,0.0020045624
1489.575,111.677734,3,2327,3951.339098930359,3284495,0.00046313723,4.6313725,-2.793919324874878,9.973382e-05,0.0026495478,0.0021864106
1471.825,109.45732,3,2330,3956.2006006240845,3287802,0.0004631369,4.631369,0.6263384222984314,9.801448e-05,0.0038694928,0.0034063559
1476.625,110.457375,4,2334,3961.062202692032,3292901,0.0004631697,4.631697,0.7253161370754242,0.00010033314,0.0028766713,0.0024135015
1471.825,108.305466,2,2336,3965.898759365082,3295909,0.0004631348,4.631348,0.6905220746994019,9.674119e-05,0.002786741,0.002323606
1493.5,114.43148,3,2339,3970.751722574234,3300709,0.00046326674,4.6326675,-0.13683056831359863,0.000101257014,0.0025652964,0.0021020295
1493.5,115.4929,2,2341,3975.576093673706,3303909,0.00046311028,4.631103,0.44452089071273804,9.93038e-05,0.0027530342,0.0022899238
1493.5,117.18369,3,2344,3980.440372467041,3308709,0.00046304765,4.6304765,0.5318970680236816,9.858492e-05,0.0029115877,0.0024485402
1498.2,116.66457,3,2347,3985.285690307617,3313465,0.00046296392,4.629639,0.3973541259765625,9.739601e-05,0.0026811312,0.0022181673
1498.2,117.29753,2,2349,3990.1111631393433,3316665,0.0004629876,4.629876,-0.6836060285568237,0.00010331909,0.0025015075,0.0020385198
1498.2,118.991844,3,2352,3994.961406469345,3321465,0.0004629171,4.629171,0.5136493146419525,9.922401e-05,0.0025902404,0.0021273233
1498.2,119.935326,2,2354,3999.777590751648,3324665,0.0004630475,4.630475,0.5098857581615448,9.9184734e-05,0.0027196938,0.0022566463
1498.2,119.77549,3,2357,4004.6307389736176,3329465,0.00046256479,4.625648,0.35360825061798096,0.00010352713,0.0028395434,0.0023769785
1498.2,119.967674,2,2359,4009.456762313843,3332665,0.0004623431,4.623431,0.5664498209953308,0.000102330014,0.0027509835,0.0022886405
1498.2,120.02495,3,2362,4014.3022966384888,3337465,0.00046203632,4.620363,0.39923572540283203,0.00010060433,0.002587425,0.0021253887
1516.25,122.81206,3,2365,4019.1400117874146,3341945,0.0004620142,4.620142,0.5946080982685089,9.596953e-05,0.0026361975,0.0021741833
1480.975,115.93162,3,2368,4023.9666635990143,3345334,0.00046190002,4.6190004,0.728390097618103,9.996566e-05,0.0028288723,0.0023669724
1518.3,121.87844,3,2371,4028.8001341819763,3350134,0.00046205008,4.620501,0.1551418900489807,9.876292e-05,0.002618881,0.0021568309
1541.55,123.57933,3,2374,4033.6126828193665,3354563,0.00046206106,4.6206107,0.8125602751970291,9.7803364e-05,0.002747704,0.002285643
1546.35,126.40825,2,2376,4038.439499616623,3357763,0.00046174563,4.6174564,0.440483033657074,0.0001019426,0.0026886323,0.0022268868
1510.3,119.30098,4,2380,4043.2998888492584,3362721,0.0004616918,4.616918,0.7020112872123718,9.7476186e-05,0.0026173878,0.002155696
1510.3,119.91636,2,2382,4048.1137228012085,3365921,0.0004617781,4.617781,-0.6966763734817505,9.657872e-05,0.0031998083,0.0027380302
1481.325,117.813156,3,2385,4052.966112136841,3369518,0.00046155046,4.6155047,0.6040816009044647,9.71197e-05,0.002653447,0.0021918966
1481.325,119.23196,3,2388,4057.80553483963,3374318,0.0004613744,4.6137443,-0.18652677536010742,9.844705e-05,0.0026285476,0.0021671732
1481.325,117.971725,3,2391,4062.6393115520477,3379118,0.00046136687,4.613669,0.46287447214126587,9.833797e-05,0.0027438817,0.0022825147
1481.325,117.857346,2,2393,4067.4771604537964,3382318,0.00046132796,4.61328,0.5305506587028503,9.6673975e-05,0.0025547598,0.002093432
1460.1,113.35083,3,2396,4072.3233592510223,3386269,0.00046141734,4.6141734,0.5644486844539642,9.6387e-05,0.0023936802,0.0019322629
1460.1,113.06287,3,2399,4077.1621432304382,3391069,0.00046145814,4.6145816,-3.9801135063171387,9.649976e-05,0.002415018,0.0019535597
1460.1,112.96187,2,2401,4081.991398334503,3394269,0.00046150107,4.6150107,0.515537679195404,9.825667e-05,0.0024560494,0.0019945484
1429.775,108.13389,4,2405,4086.8441727161407,3399136,0.0004615866,4.615866,0.6202227175235748,9.476593e-05,0.004497735,0.004036148
1449.15,112.10121,2,2407,4091.6526491642,3402336,0.00046147403,4.6147404,-0.3793480396270752,9.805577e-05,0.0030099272,0.0025484532
1465.05,116.12883,3,2410,4096.48383641243,3407136,0.00046137642,4.6137643,-4.399230003356934,9.4276256e-05,0.0032690896,0.002807713
1465.05,116.91852,3,2413,4101.322392940521,3411936,0.00046132744,4.6132746,0.40093475580215454,9.997029e-05,0.0025795125,0.0021181852
1474.325,121.14851,2,2415,4106.145412683487,3415136,0.00046111105,4.6111107,0.5410121083259583,0.00010043719,0.0027429925,0.0022818814
1510.375,127.30886,3,2418,4110.986726999283,3419936,0.00046072833,4.6072836,0.49517446756362915,0.00010364488,0.002957355,0.0024966267
1487.35,122.92281,3,2421,4115.834060192108,3423815,0.00046077702,4.6077704,0.4733828902244568,9.6443444e-05,0.0028551416,0.0023943647
1505.425,123.762436,3,2424,4120.687628030777,3428135,0.00046071725,4.6071725,0.669283390045166,9.559143e-05,0.002709872,0.0022491547
1461.85,114.00513,3,2427,4125.537662029266,3431192,0.00046072586,4.607259,0.5702125728130341,9.9228775e-05,0.0030293115,0.0025685858
1461.85,113.90452,3,2430,4130.401756286621,3435992,0.0004607178,4.607178,-3.632075309753418,0.00010024576,0.003247179,0.0027864613
1461.85,115.038025,2,2432,4135.232518672943,3439192,0.00046052225,4.6052227,0.4091137647628784,9.68088e-05,0.0026910685,0.0022305462
1483.075,120.07129,3,2435,4140.060824871063,3443992,0.0004604084,4.604084,-2.787013053894043,9.396515e-05,0.0037709624,0.003310554
1463.65,116.46751,3,2438,4144.897919178009,3448015,0.00046045723,4.6045723,0.43163371086120605,9.877932e-05,0.002724099,0.0022636417
1414.1,106.898544,4,2442,4149.739898681641,3452433,0.00046061797,4.6061797,0.7892003506422043,9.9643614e-05,0.0027869318,0.0023263139
1414.1,106.852036,2,2444,4154.561737537384,3455633,0.00046061943,4.6061945,-5.044680118560791,9.5119845e-05,0.002735676,0.0022750567
1452.425,113.30686,3,2447,4159.41948723793,3460433,0.00046074222,4.6074224,0.34384703636169434,0.000101334546,0.002939643,0.0024789008
1414.175,104.67202,3,2450,4164.250860452652,3463703,0.00046081524,4.6081524,0.6164663136005402,9.7888245e-05,0.0030576824,0.0025968673
1414.175,104.1223,3,2453,4169.085910558701,3468503,0.0004606346,4.606346,0.150875985622406,9.685593e-05,0.0027450742,0.0022844397
1414.175,104.19662,3,2456,4173.9047791957855,3473303,0.00046063444,4.6063447,-0.00497126579284668,0.00010120115,0.0029436026,0.0024829681
1409.45,103.26311,3,2459,4178.738386154175,3476993,0.00046067903,4.6067905,0.30173003673553467,9.739994e-05,0.003073815,0.002613136
1409.45,103.63363,2,2461,4183.5477793216705,3480193,0.00046060566,4.6060567,-0.4318004846572876,0.00010057108,0.0025401346,0.002079529
1421.45,108.01965,3,2464,4188.392822504044,3484993,0.00046041489,4.604149,0.4803893566131592,0.000101149664,0.0027635319,0.002303117
1455.35,113.48694,3,2467,4193.215107679367,3489406,0.00046058124,4.6058125,0.39618170261383057,9.765223e-05,0.0030953235,0.0026347423
1455.35,112.79314,2,2469,4198.033678531647,3492606,0.0004603022,4.603022,0.18397843837738037,9.5448784e-05,0.0027265735,0.0022662713
1438.275,105.21281,3,2472,4202.866897106171,3496723,0.00046026448,4.602645,0.4428402781486511,9.884844e-05,0.003240341,0.0027800766
1417.325,101.53045,3,2475,4207.686031103134,3500685,0.0004602051,4.6020513,0.5839589238166809,9.970326e-05,0.0027567507,0.0022965455
1436.75,106.038345,3,2478,4212.531959295273,3505485,0.000460048,4.60048,0.3018401265144348,9.841345e-05,0.002669036,0.002208988
1448.8,110.20278,2,2480,4217.349059104919,3508685,0.00045985315,4.5985317,0.45681315660476685,0.00010016303,0.0026776423,0.0022177892
1486.3,117.08437,3,2483,4222.183811426163,3513485,0.00045992027,4.5992026,0.4579346179962158,0.00010212575,0.0025921362,0.002132216
1486.3,117.5059,3,2486,4227.0238263607025,3518285,0.0004595484,4.5954843,0.4558984637260437,9.953343e-05,0.0028241859,0.0023646376
1494.45,117.58,3,2489,4231.8607795238495,3521881,0.00045954803,4.5954804,0.6755774021148682,0.00010176,0.0029105148,0.0024509667
1433.375,106.80007,4,2493,4236.7516577243805,3525838,0.00045950754,4.5950756,0.49678951501846313,0.000100163874,0.0030352273,0.0025757197
1425.825,103.00576,3,2496,4241.58222079277,3530336,0.0004596659,4.596659,0.5492204129695892,9.870928e-05,0.0027155376,0.0022558717
1453.575,107.931625,2,2498,4246.425474643707,3533536,0.00045960865,4.5960865,-0.14302325248718262,9.8396864e-05,0.0028857808,0.0024261721
1453.575,108.48222,3,2501,4251.261005163193,3538336,0.00045974387,4.597439,0.32098764181137085,0.000101297424,0.0027463688,0.0022866249
1432.725,104.51909,3,2504,4256.097902297974,3542302,0.00045969503,4.5969505,0.5863098800182343,9.777263e-05,0.0024857812,0.0020260862
1442.4,108.612465,3,2507,4260.920723438263,3547102,0.00045963496,4.5963497,0.08983713388442993,9.516869e-05,0.0032033399,0.002743705
1442.4,109.22127,2,2509,4265.72446513176,3550302,0.00045960906,4.596091,0.5138722360134125,9.7223034e-05,0.0025789486,0.0021193395
1452.6,113.79353,3,2512,4270.562792301178,3554827,0.0004597024,4.597024,0.6363734006881714,0.000101857055,0.002744881,0.0022851785
1452.6,113.615555,2,2514,4275.373021364212,3558027,0.00045960865,4.5960865,-0.25348854064941406,9.8493765e-05,0.002543316,0.0020837074
1473.55,117.06476,3,2517,4280.220929384232,3562827,0.0004593644,4.593644,0.4324713349342346,9.861989e-05,0.0028445015,0.0023851371
1473.55,117.91345,2,2519,4285.034713506699,3566027,0.00045934806,4.5934806,0.483331561088562,9.7622724e-05,0.0027086555,0.0022493075
1473.55,118.003075,3,2522,4289.883064031601,3570827,0.00045923862,4.5923862,0.45523762702941895,9.7598924e-05,0.0027025228,0.0022432841
1473.55,117.878395,3,2525,4294.725746154785,3575627,0.00045957282,4.5957284,0.4687601327896118,9.816201e-05,0.0024966542,0.0020370814
1494.9,121.95901,2,2527,4299.552856206894,3578827,0.00045943193,4.5943193,0.4378916025161743,9.783596e-05,0.0023628976,0.0019034657
1503.65,125.9729,3,2530,4304.386707782745,3583627,0.0004593479,4.593479,0.3806549906730652,9.655194e-05,0.0027916515,0.0023323037
1564.725,137.80492,2,2532,4309.223074913025,3586827,0.00045905757,4.5905757,0.4262586832046509,9.966262e-05,0.0026395896,0.002180532
1572.275,140.8265,3,2535,4314.078422546387,3591627,0.00045903382,4.590338,0.3703345060348511,0.00010047386,0.0025995544,0.0021405206
1572.275,141.40141,2,2537,4318.897835731506,3594827,0.0004588869,4.588869,0.47969651222229004,9.7147145e-05,0.0024449632,0.0019860764
1565.2,138.78223,3,2540,4323.749547958374,3599344,0.00045903263,4.5903263,0.6959997415542603,9.7004566e-05,0.0026826458,0.0022236132
1565.2,138.136,3,2543,4328.590482950211,3604144,0.00045887093,4.5887094,-0.9399290084838867,0.00010392314,0.0031112558,0.0026523848
1552.425,135.96155,3,2546,4333.445369720459,3607599,0.00045861013,4.5861015,0.5964647829532623,9.6385906e-05,0.00270165,0.0022430397
1552.425,136.20189,3,2549,4338.291163444519,3612399,0.0004587077,4.587077,0.3576620817184448,9.6081465e-05,0.0030544929,0.002595785
1535.1,134.80801,3,2552,4343.126007080078,3616231,0.00045861796,4.5861797,0.631825715303421,0.00010201846,0.0028235062,0.0023648883
1535.1,135.13857,2,2554,4347.930485963821,3619431,0.00045861758,4.586176,-2.9397671222686768,9.781164e-05,0.0027473485,0.0022887308
1535.1,136.5032,3,2557,4352.766659498215,3624231,0.00045875018,4.587502,0.3611905574798584,9.8818695e-05,0.0023656539,0.0019069037
1535.1,135.37207,3,2560,4357.625154733658,3629031,0.000458642,4.58642,0.4994414448738098,0.000106200154,0.0029215177,0.0024628758
1535.1,135.9952,2,2562,4362.416392326355,3632231,0.00045859106,4.585911,0.4482359290122986,9.864221e-05,0.0025053704,0.0020467793
1518.475,131.66206,3,2565,4367.25089263916,3636366,0.00045843923,4.5843925,0.5749429166316986,9.93757e-05,0.0025452944,0.002086855
1518.475,131.82071,3,2568,4372.109976768494,3641166,0.00045840655,4.5840654,-0.0007901191711425781,0.00010062686,0.0029947208,0.0025363143
1518.475,131.59834,2,2570,4376.931688070297,3644366,0.00045845727,4.584573,0.35059356689453125,9.900762e-05,0.002573293,0.0021148357
1518.475,131.59726,3,2573,4381.768103599548,3649166,0.000458555,4.5855503,0.3824663758277893,0.00010426427,0.0029251385,0.0024665834
1518.475,131.58289,2,2575,4386.614832639694,3652366,0.00045851234,4.5851235,0.4747390151023865,9.646992e-05,0.0026865928,0.0022280803
1489.525,128.52934,4,2579,4391.464585542679,3657325,0.00045843914,4.5843916,0.7034005224704742,9.949725e-05,0.0029552015,0.0024967624
1431.725,118.471924,4,2583,4396.336388349533,3661413,0.00045841484,4.5841484,0.6977063715457916,9.663438e-05,0.003044111,0.002585696
1431.725,119.530075,2,2585,4401.148178577423,3664613,0.000458407,4.58407,-0.6929608583450317,0.00010102766,0.0031294678,0.0026710609
1465.35,125.0233,3,2588,4405.989769697189,3669413,0.00045838216,4.583822,0.4997486472129822,9.5940995e-05,0.0028749192,0.0024165371
1465.35,125.66243,2,2590,4410.81377696991,3672613,0.00045817808,4.581781,0.39989352226257324,0.00010115036,0.002860248,0.00240207
1489.55,129.80496,3,2593,4415.671972751617,3677413,0.00045801594,4.5801597,0.43358147144317627,0.000101945414,0.0028019045,0.0023438884
1489.55,129.25177,3,2596,4420.530014038086,3682213,0.00045775314,4.5775313,0.4269329905509949,0.00010316243,0.0023242966,0.0018665435
1489.55,129.17415,2,2598,4425.339696645737,3685413,0.0004577982,4.577982,0.45518386363983154,9.80997e-05,0.0028888662,0.002431068
1489.55,129.83899,3,2601,4430.1908485889435,3690213,0.0004574464,4.5744643,0.46329087018966675,9.487898e-05,0.0027221437,0.0022646973
1488.225,130.48003,3,2604,4435.023517370224,3694295,0.00045766382,4.576638,0.5299029350280762,0.00010277069,0.0030573064,0.0025996426
1488.225,130.3952,2,2606,4439.830071687698,3697495,0.00045765223,4.5765224,-0.5571115016937256,9.846447e-05,0.002663777,0.0022061248
1478.4,126.99324,3,2609,4444.676352977753,3701902,0.00045761923,4.5761924,0.7209935784339905,9.890486e-05,0.0032302202,0.0027726009
1478.4,127.3918,3,2612,4449.513163805008,3706702,0.00045766853,4.5766854,-0.14981305599212646,9.9373894e-05,0.0028193875,0.002361719
1478.4,127.967514,2,2614,4454.322496414185,3709902,0.0004577419,4.5774193,0.5337560474872589,9.5557494e-05,0.0025264518,0.0020687098
1478.4,128.45764,3,2617,4459.1759305000305,3714702,0.00045778006,4.5778008,0.4079744219779968,0.000101302474,0.0026965719,0.002238792
1514.425,134.09525,2,2619,4464.0116975307465,3717902,0.000457658,4.57658,0.3288370966911316,9.599139e-05,0.0029286607,0.0024710028
1534.775,137.44124,3,2622,4468.8550527095795,3722702,0.00045761451,4.576145,0.4925268292427063,0.000100240926,0.0028259866,0.0023683722
1572.225,143.88567,2,2624,4473.679998874664,3725902,0.00045766606,4.5766606,0.5350205898284912,9.991844e-05,0.0025373017,0.0020796356
1572.225,144.59573,3,2627,4478.5195388793945,3730702,0.0004575922,4.575922,0.47994762659072876,0.000100965975,0.0027947994,0.0023372073
1572.225,143.9249,3,2630,4483.3289630413055,3735502,0.0004575526,4.575526,0.3409494161605835,9.797145e-05,0.002680101,0.0022225482
1572.225,144.56116,2,2632,4488.160248041153,3738702,0.00045724292,4.572429,0.5481425225734711,9.4981675e-05,0.002577341,0.002120098
1572.225,144.68965,3,2635,4493.017602682114,3743502,0.0004570312,4.570312,0.5019413530826569,9.9664176e-05,0.0026534374,0.0021964062
1572.225,144.9488,2,2637,4497.837017297745,3746702,0.0004570456,4.570456,0.4873366355895996,0.000100036865,0.0028907172,0.0024336716
1572.225,145.22356,3,2640,4502.692933320999,3751502,0.00045700688,4.570069,0.41403067111968994,0.00010164184,0.0028283016,0.0023712947
1572.225,144.89114,2,2642,4507.540412902832,3754702,0.00045694213,4.5694213,0.5280458033084869,9.97516e-05,0.0026341984,0.0021772562
1560.65,144.07013,4,2646,4512.394632816315,3759921,0.0004567732,4.5677323,0.5893709361553192,9.9999015e-05,0.002859123,0.0024023498
1560.65,144.45361,2,2648,4517.234866142273,3763121,0.0004569066,4.569066,-2.5046792030334473,9.860008e-05,0.0030154937,0.0025585871
1570.475,147.2967,3,2651,4522.051327466965,3767921,0.00045696815,4.5696816,0.2690271735191345,9.714822e-05,0.0024370365,0.0019800684
1570.475,146.97276,2,2653,4526.884983062744,3771121,0.0004571618,4.571618,0.45976507663726807,0.000100263394,0.0026624056,0.0022052438
1556.925,142.05473,3,2656,4531.733690500259,3775379,0.0004572511,4.572511,0.6111210286617279,9.44529e-05,0.0026637213,0.0022064701
1547.225,138.08414,3,2659,4536.633392095566,3779791,0.0004571527,4.571527,0.4647982120513916,0.00010026584,0.003879124,0.0034219713
1543.775,136.4035,3,2662,4541.471002578735,3784453,0.00045735715,4.5735717,0.7613825500011444,0.00010123344,0.0024717252,0.002014368
1543.775,135.84428,2,2664,4546.311050653458,3787653,0.00045716972,4.571697,0.4099198579788208,0.00010069029,0.0026437456,0.002186576
1510.3,127.35561,4,2668,4551.173452615738,3792714,0.0004571613,4.5716133,0.7440967559814453,9.8589706e-05,0.0026830975,0.0022259362
1510.3,127.43296,2,2670,4556.000845909119,3795914,0.00045709588,4.570959,-1.7798340320587158,0.000103106504,0.0029091025,0.0024520066
1510.3,126.51213,3,2673,4560.842363834381,3800714,0.00045690982,4.5690985,0.3472796678543091,9.918098e-05,0.0026165561,0.0021596462
1510.3,125.69553,2,2675,4565.666908979416,3803914,0.0004568254,4.568254,0.4715780019760132,9.859643e-05,0.0027834089,0.0023265835
1483.35,121.10232,4,2679,4570.499607563019,3809236,0.00045698174,4.5698175,0.6945711970329285,9.978244e-05,0.0029380159,0.002481034
1470.625,116.71072,2,2681,4575.308618783951,3811927,0.0004570075,4.570075,0.8032333701848984,9.6089294e-05,0.0025372868,0.0020802794
1470.625,116.221634,3,2684,4580.1789672374725,3816727,0.0004569606,4.5696063,-1.0658080577850342,9.906957e-05,0.0028045692,0.0023476086
1500.15,121.142044,3,2687,4585.035903930664,3821527,0.00045698023,4.5698023,0.380401611328125,9.497044e-05,0.002608233,0.0021512527
1500.15,121.39946,2,2689,4589.880004405975,3824727,0.00045746804,4.5746803,0.47151291370391846,0.00010168931,0.0024683033,0.0020108353
1486.125,113.39944,3,2692,4594.707970619202,3828966,0.00045734923,4.5734925,0.5636477768421173,9.858186e-05,0.002754901,0.0022975518
1493.0,113.76682,3,2695,4599.529938697815,3833499,0.00045738157,4.573816,0.07293713092803955,0.00010469691,0.004045042,0.0035876608
1493.0,113.32951,2,2697,4604.350414276123,3836699,0.0004570902,4.5709023,0.14757287502288818,0.00010253438,0.0025521745,0.0020950842
1502.7,117.367455,3,2700,4609.195696115494,3841499,0.00045694175,4.5694175,0.4119994640350342,9.994565e-05,0.002775185,0.0023182433
1506.15,120.322426,2,2702,4613.993410110474,3844699,0.0004568933,4.568933,0.27181851863861084,9.7989134e-05,0.0029050289,0.0024481355
1494.425,116.48039,3,2705,4618.836050748825,3849030,0.00045664926,4.5664926,0.4953627586364746,9.763354e-05,0.0030340063,0.002577357
1527.9,126.26085,3,2708,4623.659795999527,3853830,0.00045655313,4.5655313,0.19118362665176392,9.9257246e-05,0.0024623526,0.0020057994
1527.9,125.83224,2,2710,4628.483693599701,3857030,0.00045652656,4.5652657,-1.9277966022491455,9.878437e-05,0.0033147377,0.002858211
1527.9,127.09538,3,2713,4633.312961339951,3861830,0.0004563721,4.563721,0.383777379989624,0.00010033877,0.0027692202,0.002312848
1527.9,127.82124,2,2715,4638.146409988403,3865030,0.00045605254,4.5605254,0.5580147206783295,9.6130854e-05,0.002472735,0.0020166824
1554.85,132.9077,3,2718,4642.980731248856,3869830,0.00045584879,4.558488,0.5561226904392242,0.00010115956,0.002904491,0.0024486422
1551.65,132.20132,3,2721,4647.809425115585,3873993,0.00045597882,4.559788,0.6651965975761414,0.00010123562,0.0028448356,0.0023888568
1551.65,132.7817,3,2724,4652.638741493225,3878793,0.00045603092,4.5603094,0.34319454431533813,9.724237e-05,0.0026780143,0.0022219834
1551.65,133.11166,2,2726,4657.464152336121,3881993,0.00045611733,4.5611734,0.3468925952911377,9.994733e-05,0.0024343657,0.0019782484
1551.65,133.72136,3,2729,4662.298180580139,3886793,0.00045577544,4.5577545,0.38336265087127686,9.827282e-05,0.0025709586,0.002115183
1563.1,140.41638,2,2731,4667.11665058136,3889993,0.00045577224,4.5577226,0.2997537851333618,9.795567e-05,0.0028153344,0.002359562
1572.35,146.52695,3,2734,4671.94854593277,3894793,0.00045597085,4.5597086,-0.10579037666320801,9.5332754e-05,0.0030090536,0.0025530828
1572.35,147.20126,2,2736,4676.750424623489,3897993,0.00045583444,4.5583444,0.5247842669487,9.5772935e-05,0.0028600623,0.0024042279
1513.55,136.92259,4,2740,4681.59193778038,3902041,0.00045594835,4.5594835,0.4490904211997986,9.903984e-05,0.0030057067,0.0025497584
1513.55,137.28384,3,2743,4686.420258998871,3906841,0.0004561869,4.561869,-0.19558441638946533,9.607147e-05,0.0027479737,0.0022917867
1517.725,137.34372,3,2746,4691.249715805054,3911339,0.0004561873,4.561873,0.6338967382907867,0.00010128075,0.002635091,0.002178904
1517.725,136.83357,2,2748,4696.0686802864075,3914539,0.00045612585,4.561259,0.353243887424469,9.696193e-05,0.0026680264,0.0022119004
1517.725,136.45523,3,2751,4700.911080598831,3919339,0.00045605464,4.5605464,0.4315303564071655,9.7524215e-05,0.0026162383,0.0021601836
1517.725,136.54207,2,2753,4705.70814704895,3922539,0.0004560684,4.560684,0.47717225551605225,0.00010133034,0.0027930757,0.0023370073
1517.725,136.30232,3,2756,4710.540131807327,3927339,0.0004560303,4.560303,0.48069995641708374,9.7434735e-05,0.0027159674,0.002259937
1512.4,135.08932,3,2759,4715.373744249344,3931289,0.00045615487,4.5615487,0.7945665866136551,9.846194e-05,0.0027768784,0.0023207236
1512.4,135.09799,3,2762,4720.208187580109,3936089,0.0004561687,4.561687,0.3323206305503845,9.826668e-05,0.002585463,0.0021292942
1512.4,135.36328,2,2764,4725.0357575416565,3939289,0.00045600653,4.5600653,0.43943965435028076,9.9600904e-05,0.0026696713,0.0022136648
1512.4,135.09216,3,2767,4729.876935243607,3944089,0.0004559677,4.559677,0.27397847175598145,9.802019e-05,0.0027187802,0.0022628126
1512.4,134.68846,2,2769,4734.701376199722,3947289,0.000455837,4.55837,0.3816021680831909,9.975968e-05,0.0023800007,0.0019241637
1512.4,135.0561,3,2772,4739.527564048767,3952089,0.000455837,4.55837,0.4608515501022339,9.46088e-05,0.0026299618,0.0021741248
1512.4,135.73746,2,2774,4744.350483894348,3955289,0.00045556892,4.5556893,0.5842033326625824,0.000101523765,0.0029311972,0.0024756282
1512.4,136.01176,3,2777,4749.177415370941,3960089,0.0004554788,4.554788,0.36603355407714844,0.00010127215,0.0027686534,0.0023131748
1546.0,142.49507,3,2780,4753.99996638298,3963881,0.00045557646,4.5557647,0.5830864608287811,0.00010008055,0.0035258655,0.003070289
1520.7,137.08455,3,2783,4758.824303388596,3967669,0.0004555418,4.555418,0.6414263546466827,9.741458e-05,0.002900987,0.0024454452
1528.25,139.86511,3,2786,4763.670655488968,3972469,0.00045554264,4.5554266,-0.10583639144897461,9.696839e-05,0.0029864106,0.002530868
1528.25,139.98206,2,2788,4768.476087093353,3975669,0.00045567474,4.5567474,0.44283241033554077,0.00010068492,0.0028306858,0.002375011
1528.25,139.41324,3,2791,4773.295294284821,3980469,0.00045556383,4.5556383,0.2919023036956787,9.510986e-05,0.0025495691,0.0020940052
1528.25,139.4413,3,2794,4778.1287388801575,3985269,0.00045524916,4.5524917,0.360917866230011,0.00010030698,0.0026172097,0.0021619606
1528.125,136.93071,2,2796,4782.946156740189,3988464,0.00045513752,4.5513754,0.5236315131187439,0.00010422905,0.0026652454,0.0022101079
1537.3,136.08432,3,2799,4787.792211294174,3992781,0.000455038,4.55038,0.755198210477829,9.6133605e-05,0.003004242,0.002549204
1537.3,136.27713,3,2802,4792.612590789795,3997581,0.00045488222,4.5488224,-0.6795647144317627,0.000100064535,0.0029389886,0.0024841065
1537.3,136.37886,2,2804,4797.511271238327,4000781,0.00045454042,4.5454044,0.1528286337852478,9.6039235e-05,0.0026952452,0.0022407048
1537.3,135.86055,3,2807,4802.3155126571655,4005581,0.00045442753,4.5442753,-1.2288448810577393,9.910893e-05,0.0030121135,0.002557686
1537.3,136.32939,2,2809,4807.1409685611725,4008781,0.00045432113,4.5432115,0.48338836431503296,0.0001018262,0.0024649268,0.0020106058
1508.275,129.861,4,2813,4811.9855942726135,4014020,0.0004543462,4.5434623,0.6411234736442566,9.755917e-05,0.0029210073,0.0024666612
1508.275,129.66837,2,2815,4816.8204226493835,4017220,0.00045429752,4.5429754,0.35038262605667114,9.722149e-05,0.0030252703,0.0025709728
1499.1,126.43085,3,2818,4821.659217596054,4021653,0.00045439455,4.543946,0.7232721447944641,0.000100581354,0.0024886522,0.0020342576
1524.3,131.38335,2,2820,4826.466982603073,4024853,0.00045406903,4.5406904,0.11963170766830444,9.869221e-05,0.0027989193,0.0023448502
1549.6,137.02206,3,2823,4831.290240287781,4029653,0.00045412377,4.541238,0.3265398144721985,0.00010103754,0.0026677398,0.002213616
1545.3,135.74161,3,2826,4836.123046875,4034281,0.00045416606,4.541661,0.6413518786430359,9.686175e-05,0.0028730468,0.0024188808
1545.3,135.3418,2,2828,4840.9397149086,4037481,0.000454126,4.5412602,0.3791985511779785,9.787816e-05,0.0028431288,0.0023890028
1545.3,136.0092,3,2831,4845.784015655518,4042281,0.00045405477,4.540548,0.3494070768356323,9.619584e-05,0.002899723,0.0024456682
1526.875,131.0715,3,2834,4850.635354757309,4046344,0.0004540141,4.540141,0.640804648399353,9.984967e-05,0.002937847,0.0024838329
1527.0,133.53084,2,2836,4855.4554035663605,4049544,0.0004538173,4.538173,-0.2736625671386719,9.8849014e-05,0.0026752125,0.0022213953
1539.075,141.2992,3,2839,4860.288128376007,4054344,0.00045376996,4.5376997,0.3857259154319763,0.00010143676,0.0025885447,0.0021347748
1539.075,141.68442,2,2841,4865.089550256729,4057544,0.00045388396,4.53884,0.5164036452770233,9.773219e-05,0.0026872398,0.0022333558
1514.625,136.37633,4,2845,4869.938799858093,4062966,0.0004540994,4.540994,0.6123338639736176,9.499618e-05,0.0029623662,0.0025082668
1514.625,137.21811,2,2847,4874.736119031906,4066166,0.00045414767,4.5414767,-0.3463484048843384,9.9791025e-05,0.0026544624,0.0022003148
1514.625,137.21793,3,2850,4879.57085776329,4070966,0.0004539793,4.539793,0.36035382747650146,9.921986e-05,0.0024043997,0.0019504204
1539.6,140.17894,2,2852,4884.368502378464,4074004,0.00045377392,4.5377393,0.6387034356594086,0.00010546885,0.0029300712,0.0024762973
1509.5,134.87909,4,2856,4889.212331295013,4079200,0.0004538576,4.538576,0.7552201896905899,9.91939e-05,0.0030112858,0.002557428
1518.675,138.30804,2,2858,4894.028472661972,4082400,0.00045361594,4.5361595,0.15137368440628052,9.697638e-05,0.0026018266,0.0021482105
1518.675,138.41055,3,2861,4898.863503217697,4087200,0.00045318255,4.5318255,0.4056582450866699,0.00010013634,0.0028278362,0.0023746537
1479.225,130.17491,4,2865,4903.705845594406,4091850,0.0004533528,4.5335283,0.5700681805610657,9.722468e-05,0.003028241,0.002574888
1479.225,130.38069,2,2867,4908.521412611008,4095050,0.00045314687,4.531469,-1.146496057510376,9.961611e-05,0.0027621037,0.0023089568
1479.225,131.13701,3,2870,4913.336847782135,4099850,0.00045291352,4.529135,0.3883202075958252,0.000100697536,0.0026239946,0.002171081
1479.225,131.40794,2,2872,4918.149042129517,4103050,0.00045244998,4.5245,0.5042137205600739,0.000101114245,0.0025026307,0.0020501807
1497.65,136.0666,3,2875,4922.977020978928,4107850,0.00045205024,4.5205026,0.32380133867263794,9.7571974e-05,0.0027230557,0.0022710054
1497.65,136.30635,2,2877,4927.792400836945,4111050,0.0004516983,4.516983,0.3885471224784851,0.00010251292,0.0027191353,0.002267437
1468.1,129.24011,4,2881,4932.645830631256,4116268,0.00045162544,4.5162544,0.5002773106098175,0.00010116445,0.002569104,0.0021174788
1492.55,134.6971,2,2883,4937.476815462112,4119468,0.00045147547,4.514755,0.39309096336364746,9.825289e-05,0.0023729205,0.0019214451
1492.55,135.07361,3,2886,4942.343900918961,4124268,0.0004514158,4.5141582,0.2758556008338928,0.00010067412,0.0025406242,0.0020892085
1471.95,130.42424,3,2889,4947.1724326610565,4128244,0.00045140032,4.5140033,0.6683923900127411,9.8872755e-05,0.002795504,0.0023441035
1476.0,132.95874,2,2891,4951.970526218414,4131444,0.00045103367,4.510337,-0.6186479330062866,0.000100195466,0.002665321,0.0022142874
1506.1,138.34927,3,2894,4956.806332111359,4136244,0.0004511454,4.511454,0.3275448679924011,9.6995806e-05,0.0023686343,0.0019174889
1476.325,133.05432,3,2897,4961.623052120209,4139853,0.00045126738,4.512674,0.624740719795227,9.960616e-05,0.0027574957,0.0023062283
1476.325,133.6471,3,2900,4966.465218067169,4144653,0.00045122017,4.512202,-0.19467127323150635,9.863726e-05,0.0028893896,0.0024381694
1476.325,134.48894,2,2902,4971.2725195884705,4147853,0.00045121045,4.5121045,0.41652578115463257,9.751535e-05,0.0029071704,0.00245596
1520.075,144.5249,3,2905,4976.1014358997345,4152653,0.0004510476,4.510476,0.44285446405410767,0.000101706566,0.0027530696,0.002302022
1520.075,143.92252,2,2907,4980.911245346069,4155853,0.00045073236,4.5073237,0.466677188873291,9.62184e-05,0.002548639,0.0020979065
1520.075,144.29012,3,2910,4985.749337434769,4160653,0.00045065087,4.506509,0.3639736771583557,9.833544e-05,0.0025237012,0.0020730502
1499.0,140.91049,3,2913,4990.5694534778595,4164610,0.00045046382,4.504638,0.6163991987705231,0.0001004387,0.0027320741,0.0022816104
1499.0,141.23405,3,2916,4995.379055261612,4169410,0.0004503031,4.5030313,0.3289947509765625,9.868595e-05,0.0029185433,0.0024682402
1499.0,141.72765,2,2918,5000.182502985001,4172610,0.0004500351,4.500351,0.3646273612976074,9.827429e-05,0.0027481355,0.0022981004
1508.975,143.12448,3,2921,5005.008338689804,4176627,0.00044995113,4.4995112,0.7213525474071503,0.000103369486,0.0028695771,0.002419626
1477.975,134.05038,4,2925,5009.869056940079,4181787,0.0004498025,4.498025,0.597553163766861,9.935793e-05,0.0028662698,0.0024164673
1498.575,139.31349,2,2927,5014.684066295624,4184987,0.00044971518,4.497152,-3.8658933639526367,9.710717e-05,0.0026082299,0.0021585147
1498.575,139.64381,3,2930,5019.514038801193,4189787,0.00044925336,4.4925337,0.46625858545303345,0.0001006276,0.0025043855,0.0020551323
1498.575,140.3757,2,2932,5024.339350938797,4192987,0.00044934076,4.4934077,0.5397862792015076,0.00010115579,0.0029066375,0.0024572967
1502.925,140.18346,4,2936,5029.177847146988,4198370,0.00044873255,4.4873257,0.7316188812255859,0.000100305464,0.003162773,0.0027140405
1502.925,140.26872,2,2938,5033.986102819443,4201570,0.0004487954,4.487954,0.3207678198814392,9.834216e-05,0.002308795,0.0018599995
1481.3,134.75708,3,2941,5038.818538427353,4205505,0.00044889102,4.48891,0.7004702091217041,9.73405e-05,0.0027571148,0.0023082239
1481.3,135.03152,3,2944,5043.649187326431,4210305,0.00044880112,4.4880114,-0.002835512161254883,0.000100461635,0.0026968597,0.0022480586
1475.55,132.28279,2,2946,5048.461611747742,4213275,0.000448706,4.48706,0.8078665733337402,0.00010040228,0.0026863676,0.0022376615
1455.45,127.964645,4,2950,5053.293017625809,4218871,0.0004486709,4.486709,0.6928640902042389,9.795962e-05,0.0026966329,0.002247962
1453.375,127.537476,3,2953,5058.124995231628,4222745,0.00044885272,4.4885273,0.7777477502822876,9.698252e-05,0.0026518777,0.002203025
1453.375,128.06192,2,2955,5062.937537193298,4225945,0.00044852632,4.4852633,-1.4143922328948975,9.882738e-05,0.0026760588,0.0022275324
1453.375,127.42839,3,2958,5067.76868391037,4230745,0.00044836206,4.4836206,0.36280959844589233,0.00010013944,0.0027774763,0.0023291144
1464.15,128.59941,3,2961,5072.5923001766205,4235193,0.00044858616,4.485862,0.6139112412929535,9.898833e-05,0.0025724177,0.0021238315
1479.225,131.43687,2,2963,5077.426437854767,4238190,0.0004480604,4.480604,0.7460939884185791,0.00010057633,0.0027017961,0.0022537357
1490.075,135.21829,3,2966,5082.243736028671,4242990,0.00044797157,4.479716,-11.645529747009277,9.743465e-05,0.0041238866,0.003675915
1476.9,130.98062,3,2969,5087.081099033356,4247263,0.00044780015,4.4780016,0.16564428806304932,9.753881e-05,0.0036868474,0.0032390472
1476.9,130.61057,2,2971,5091.885135889053,4250463,0.00044786723,4.4786725,-1.843428134918213,0.0001014047,0.003027869,0.0025800017
1502.325,135.38481,3,2974,5096.70055437088,4255263,0.00044780536,4.4780536,0.32947421073913574,0.000100345016,0.0025421458,0.0020943405
1502.325,136.0866,2,2976,5101.519960641861,4258463,0.0004477539,4.477539,0.4528156518936157,9.86457e-05,0.002658307,0.0022105533
1469.675,129.85854,4,2980,5106.360780000687,4263557,0.00044754823,4.4754825,0.6209346354007721,9.576982e-05,0.003062526,0.0026149778
1466.1,130.73067,3,2983,5111.178422451019,4267349,0.00044752544,4.4752545,0.5618790984153748,0.000101667276,0.0029903136,0.0025427882
1466.1,130.75403,2,2985,5116.002987146378,4270549,0.00044742296,4.47423,0.02461475133895874,0.00010540571,0.0030297404,0.0025823175
1471.85,133.09248,3,2988,5120.8335955142975,4275349,0.00044728932,4.472893,-6.040970802307129,9.626044e-05,0.0032323988,0.0027851094
1491.95,137.50095,3,2991,5125.645943641663,4280149,0.00044739642,4.473964,0.4653027653694153,9.515289e-05,0.002695759,0.0022483626
1488.325,136.30656,3,2994,5130.464617490768,4283878,0.00044696187,4.469619,0.3723345994949341,9.97453e-05,0.0029692703,0.0025223084
1488.325,136.3463,2,2996,5135.277234315872,4287078,0.00044675288,4.467529,-0.11443722248077393,9.7136624e-05,0.0027116654,0.0022649125
1488.325,136.22507,3,2999,5140.114404916763,4291878,0.00044682622,4.468262,0.34411197900772095,9.9350684e-05,0.002548114,0.0021012877
1478.25,134.40218,3,3002,5144.930144786835,4295923,0.0004468499,4.468499,0.6537968218326569,9.7880795e-05,0.0025266078,0.0020797579
1483.325,136.89532,3,3005,5149.767339706421,4300723,0.0004468646,4.468646,-0.13819801807403564,9.777013e-05,0.0022825971,0.0018357326
1483.325,137.21736,2,3007,5154.580844640732,4303923,0.0004468854,4.468854,0.49458158016204834,0.00010097635,0.0024984488,0.0020515635
1487.425,137.60156,3,3010,5159.409106731415,4308360,0.0004468344,4.468344,0.7217479050159454,0.0001010564,0.002968652,0.0025218176
1465.05,132.92058,3,3013,5164.213390350342,4312265,0.00044642665,4.464267,0.9514948576688766,9.837448e-05,0.0031646462,0.0027182195
1465.05,132.92978,3,3016,5169.026507854462,4317065,0.00044639758,4.463976,-0.9807871580123901,0.000100303485,0.002799347,0.0023529495
1465.05,133.15991,2,3018,5173.812968969345,4320265,0.00044622415,4.4622416,0.38661521673202515,9.810117e-05,0.0026525997,0.0022063756
1497.7,138.64072,3,3021,5178.62117266655,4325065,0.00044596076,4.4596076,0.36665964126586914,0.00010042984,0.0024891926,0.0020432319
1522.9,144.084,2,3023,5183.403858184814,4328265,0.00044533418,4.453342,0.6018602550029755,0.000100275356,0.0026431512,0.002197817
1522.9,143.45906,3,3026,5188.1927943229675,4333065,0.00044549225,4.4549227,0.4500901699066162,0.00010271507,0.0025686522,0.0021231598
1522.9,143.92184,2,3028,5192.982353448868,4336265,0.00044545688,4.454569,0.4917704463005066,9.719294e-05,0.0025468331,0.0021013762
1519.925,144.20984,4,3032,5197.820144414902,4341475,0.00044567036,4.4567037,0.7050023674964905,9.839235e-05,0.0027603814,0.002314711
1519.925,144.19983,2,3034,5202.619245290756,4344675,0.0004455587,4.455587,0.39165306091308594,9.692808e-05,0.0026255506,0.002179992
1519.925,144.08829,3,3037,5207.457884550095,4349475,0.00044504413,4.4504414,0.4914219379425049,9.636428e-05,0.0026088671,0.002163823
1519.925,143.97502,2,3039,5212.282907962799,4352675,0.00044467754,4.4467754,0.4608606696128845,9.900189e-05,0.00254797,0.0021032924
1513.875,142.67593,4,3043,5217.135779619217,4358078,0.00044484867,4.448487,0.7042268216609955,9.907021e-05,0.0029792422,0.0025343935
1513.875,142.78021,2,3045,5221.9611167907715,4361278,0.00044454687,4.445469,0.04651796817779541,0.00010320179,0.0025707858,0.002126239
1486.15,139.0694,4,3049,5226.837541341782,4366206,0.00044461997,4.4462,0.6174609661102295,9.872448e-05,0.0027046255,0.0022600056
1489.6,140.24564,3,3052,5231.662967681885,4370249,0.00044449844,4.4449844,0.7397155165672302,0.00010367627,0.003090287,0.0026457887
1489.6,139.80656,2,3054,5236.508240699768,4373449,0.00044436252,4.4436255,0.12029218673706055,9.647349e-05,0.003209983,0.0027656206
1489.6,139.65462,3,3057,5241.348077058792,4378249,0.00044411625,4.4411626,0.36862659454345703,0.000102370774,0.0028399818,0.0023958655
1489.6,139.5869,2,3059,5246.154324293137,4381449,0.00044418054,4.4418054,-0.06730544567108154,0.00010006955,0.002501289,0.0020571083
1479.3,136.31987,3,3062,5250.995852470398,4385837,0.00044413994,4.4413996,0.5790535509586334,0.00010128188,0.0027948688,0.002350729
1479.3,137.1383,3,3065,5255.842953205109,4390637,0.0004439969,4.439969,-0.3074735403060913,0.000102146325,0.0028375867,0.0023935898
1479.3,137.07224,2,3067,5260.652543067932,4393837,0.00044374788,4.437479,0.5457221567630768,9.7275784e-05,0.002870742,0.002426994
1479.3,137.21104,3,3070,5265.498951673508,4398637,0.000443468,4.43468,0.3541080951690674,0.000103212806,0.002668363,0.002224895
1509.05,142.32336,2,3072,5270.3307456970215,4401837,0.00044349188,4.434919,0.4826565980911255,0.00010159692,0.002592492,0.002149
1506.975,139.1672,3,3075,5275.155189752579,4406554,0.0004435874,4.435874,0.671227902173996,0.000101392194,0.003054784,0.0026111966
1477.55,133.66904,3,3078,5280.004504203796,4410177,0.0004434304,4.434304,0.6072985529899597,0.00010077082,0.002980031,0.0025366007
1470.3,133.43619,4,3082,5284.865012407303,4415290,0.00044327014,4.4327016,0.6314702928066254,9.9614685e-05,0.0032104095,0.0027671393
1470.3,133.45267,2,3084,5289.703886508942,4418490,0.0004432457,4.432457,-1.371039628982544,0.00010441456,0.0029390936,0.0024958479
1470.3,134.40707,3,3087,5294.525069952011,4423290,0.0004433942,4.4339423,0.3840290904045105,0.00010019634,0.0028555526,0.0024121583
1507.1,142.03674,2,3089,5299.323832035065,4426490,0.00044327258,4.432726,0.5054165422916412,9.837085e-05,0.0027188237,0.0022755512
1526.025,146.10312,3,3092,5304.166462421417,4431290,0.00044330163,4.4330163,0.44018983840942383,0.00010046034,0.0029096943,0.0024663927
1526.025,145.55252,2,3094,5308.980917692184,4434490,0.00044293093,4.4293094,0.5321718156337738,0.00010244222,0.0028174326,0.0023745017
1526.025,146.00534,3,3097,5313.802742958069,4439290,0.0004427729,4.427729,0.36858171224594116,0.00010304771,0.0024165073,0.0019737345
1496.925,137.85825,3,3100,5318.639021873474,4442926,0.00044327206,4.4327207,0.5341047644615173,9.813404e-05,0.0027853344,0.0023420623
1474.625,135.19113,4,3104,5323.485658168793,4448022,0.0004432507,4.432507,0.7728441655635834,0.000102238104,0.002533659,0.0020904085
1474.625,134.98474,2,3106,5328.314372062683,4451222,0.0004424805,4.424805,-0.6820709705352783,9.8680524e-05,0.0024816801,0.0020391997
1474.625,134.68698,3,3109,5333.144069910049,4456022,0.000442416,4.42416,0.4024873971939087,9.8099554e-05,0.0025652356,0.0021228197
1457.525,131.29062,3,3112,5337.992233276367,4460138,0.00044240998,4.4241,0.6526676416397095,9.789999e-05,0.0027982465,0.0023558366
1459.6,134.72415,2,3114,5342.814544439316,4463338,0.00044238276,4.4238276,0.21788698434829712,9.838231e-05,0.0024700174,0.0020276348
1489.025,141.82578,3,3117,5347.659098148346,4468138,0.0004422275,4.422275,0.4006413221359253,9.8290606e-05,0.0027407291,0.0022985016
1489.025,142.29927,2,3119,5352.468946933746,4471338,0.00044229854,4.4229856,0.22491079568862915,9.876894e-05,0.0027543567,0.0023120581
1521.2,148.99895,3,3122,5357.305309534073,4476138,0.00044214143,4.4214144,0.4530675411224365,0.00010059825,0.0026989046,0.0022567632
1521.2,148.09839,3,3125,5362.161548376083,4480938,0.00044216288,4.421629,0.4366927742958069,9.858036e-05,0.0028210573,0.0023788945
1521.2,148.01537,2,3127,5367.010170698166,4484138,0.0004416525,4.416525,0.4539567828178406,9.9677054e-05,0.002495411,0.0020537586
1521.2,146.89127,3,3130,5371.811795949936,4488938,0.00044151442,4.4151444,0.44624996185302734,0.00010384948,0.002591476,0.0021499617
1521.2,147.31627,2,3132,5376.623847723007,4492138,0.0004412376,4.412376,0.3840603232383728,9.911884e-05,0.0027363047,0.002295067
1521.2,148.91348,3,3135,5381.474058628082,4496938,0.00044100021,4.410002,0.4207379221916199,0.00010251961,0.0027242,0.0022831997
1521.2,148.46902,2,3137,5386.300563812256,4500138,0.00044091864,4.4091864,0.4684983491897583,9.831163e-05,0.0025086605,0.002067742
1550.3,155.74825,3,3140,5391.147540330887,4504938,0.00044060958,4.406096,0.4464423656463623,0.000100272286,0.0025600817,0.002119472
1550.3,156.01758,2,3142,5395.957991361618,4508138,0.00044048956,4.404896,0.39005202054977417,9.717385e-05,0.002515019,0.0020745294
1582.9,161.29854,3,3145,5400.770531654358,4512938,0.000440237,4.40237,0.46178799867630005,0.00010063812,0.002637105,0.002196868
1582.9,162.09558,3,3148,5405.572539567947,4517738,0.0004404387,4.404387,0.42378151416778564,9.8827644e-05,0.002616702,0.0021762634
1582.9,162.47733,2,3150,5410.3557114601135,4520938,0.00044066538,4.406654,0.5136957168579102,9.9291734e-05,0.0026059288,0.0021652635
1600.0,166.82661,3,3153,5415.146290540695,4525738,0.00044083365,4.4083366,0.3654281497001648,0.000100651276,0.0025009129,0.0020600792
1600.0,165.71951,2,3155,5419.926725149155,4528938,0.00044067597,4.4067597,0.48306822776794434,9.9882745e-05,0.0030383535,0.0025976775
1568.975,158.44516,4,3159,5424.726060390472,4534097,0.00044068773,4.4068775,0.5915936529636383,0.000101281184,0.003029565,0.0025888775
1567.2,155.80197,2,3161,5429.517304182053,4537226,0.00044056267,4.405627,0.5456342101097107,9.908153e-05,0.002745404,0.0023048413
1567.2,156.99307,3,3164,5434.353638887405,4542026,0.00044048694,4.4048696,-3.9194846153259277,9.900448e-05,0.003717351,0.003276864
1567.2,157.80986,2,3166,5439.173923492432,4545226,0.0004405761,4.4057612,0.42504584789276123,0.00010034183,0.0026090066,0.0021684305
1567.2,157.31763,3,3169,5443.992468595505,4550026,0.00044062483,4.4062486,0.4530627727508545,0.00010496979,0.002486083,0.0020454582
1567.2,156.87814,2,3171,5448.7960884571075,4553226,0.00044028534,4.4028535,-2.8169333934783936,9.481539e-05,0.003090443,0.0026501578
1567.2,156.18497,3,3174,5453.626085996628,4558026,0.00044061098,4.40611,0.4349737763404846,9.903811e-05,0.0026145675,0.0021739565
1567.2,156.50684,3,3177,5458.450125455856,4562826,0.00044013665,4.4013667,0.3730572462081909,0.000101100275,0.0027493662,0.0023092297
1561.775,153.9572,2,3179,5463.251412153244,4565809,0.00044025606,4.4025607,0.14276379346847534,0.00010076887,0.003324933,0.002884677
1561.775,154.50154,3,3182,5468.042991638184,4570609,0.00043990105,4.3990107,0.3207421898841858,9.84159e-05,0.002588519,0.0021486178
1561.775,155.03488,2,3184,5472.821183681488,4573809,0.00043971956,4.397196,0.3853282332420349,0.00010594674,0.0029849678,0.0025452483
1552.25,148.54204,3,3187,5477.615609169006,4578228,0.00043973763,4.3973765,0.5783755779266357,9.9472105e-05,0.0027313617,0.002291624
1552.25,147.5845,3,3190,5482.421684503555,4583028,0.00043961057,4.396106,-0.5948457717895508,9.848247e-05,0.003454187,0.0030145764
1552.25,148.02092,2,3192,5487.21631193161,4586228,0.00043956618,4.395662,0.416711688041687,9.90594e-05,0.00264255,0.002202984
1552.25,148.66023,3,3195,5492.023414611816,4591028,0.00043932014,4.3932014,0.28266870975494385,9.825372e-05,0.0025976982,0.002158378
1552.25,149.18793,2,3197,5496.801461458206,4594228,0.00043890218,4.389022,0.40112143754959106,9.6912685e-05,0.0028387513,0.0023998492
1585.05,156.6445,3,3200,5501.5846791267395,4599028,0.0004388079,4.388079,-3.671065330505371,9.938532e-05,0.0026117507,0.0021729427
1585.05,155.99634,3,3203,5506.374617099762,4603828,0.00043869624,4.3869624,0.46229201555252075,0.000101590675,0.0026975528,0.0022588565
1568.175,151.19853,3,3206,5511.162402391434,4607953,0.00043873175,4.3873177,0.5195030868053436,9.984033e-05,0.0027454258,0.0023066942
1550.85,147.50267,3,3209,5515.958712816238,4612060,0.00043877005,4.3877006,0.6054421365261078,9.8458026e-05,0.0026487338,0.0022099637
1550.85,147.56886,2,3211,5520.7180688381195,4615260,0.0004388269,4.388269,-0.8159002065658569,9.940608e-05,0.0034051638,0.002966337
1542.675,144.90833,3,3214,5525.511738538742,4619733,0.0004388533,4.388533,0.5849422514438629,9.6137155e-05,0.0026821592,0.0022433058
1536.7,141.30344,3,3217,5530.314696073532,4624294,0.00043901592,4.390159,0.5544378459453583,0.000100780366,0.003040213,0.002601197
1542.125,144.66634,2,3219,5535.095046281815,4627494,0.00043893827,4.389383,0.016510069370269775,0.00010065769,0.0028175623,0.0023786242
1542.125,144.63095,3,3222,5539.885516166687,4632294,0.00043849,4.3849,0.4906110167503357,9.8709366e-05,0.002606999,0.002168509
1537.5,141.58147,2,3224,5544.67342376709,4635309,0.0004385364,4.385364,0.6196532547473907,9.962874e-05,0.0032672319,0.0028286953
1547.025,147.42242,3,3227,5549.482068061829,4640109,0.00043861463,4.3861465,0.10983681678771973,9.763518e-05,0.0025845864,0.0021459719
1547.025,148.13264,2,3229,5554.2506403923035,4643309,0.00043880934,4.3880935,0.39581727981567383,9.9748344e-05,0.0026230144,0.002184205
1547.025,148.02344,3,3232,5559.061817646027,4648109,0.0004387053,4.387053,0.4691278338432312,0.0001000895,0.0025856048,0.0021468995
1547.025,148.26219,3,3235,5563.86227440834,4652909,0.0004380636,4.380636,0.3443189859390259,9.748395e-05,0.0026370643,0.0021990007
1528.0,143.45657,3,3238,5568.666425228119,4656948,0.0004381348,4.381348,0.582212507724762,0.00010071295,0.0028888185,0.0024506836
1528.0,144.94366,2,3240,5573.444052219391,4660148,0.00043769807,4.376981,-0.08373367786407471,9.896404e-05,0.00285819,0.002420492
1528.0,144.40222,3,3243,5578.228234529495,4664948,0.00043787665,4.3787665,-0.2135906219482422,9.786748e-05,0.002850258,0.0024123813
1528.0,144.68884,2,3245,5583.014073133469,4668148,0.00043779562,4.3779564,0.45274192094802856,0.000100553865,0.0028375895,0.0023997938
1544.875,149.24187,3,3248,5587.816155195236,4672948,0.00043762152,4.3762155,-1.5244309902191162,9.508198e-05,0.0031331312,0.0026955097
1562.2,153.36035,2,3250,5592.59309720993,4676148,0.00043750223,4.3750224,0.4927504062652588,0.00010134022,0.00284736,0.0024098577
1570.375,155.85039,3,3253,5597.411738872528,4680948,0.00043729562,4.3729563,0.40739601850509644,0.00010150208,0.002585763,0.0021484676
1576.35,159.15588,3,3256,5602.198585271835,4685748,0.0004374022,4.374022,0.37753617763519287,0.000101602855,0.0025932346,0.0021558325
1576.35,158.92862,2,3258,5606.984076976776,4688948,0.00043735356,4.3735356,0.4797922968864441,0.00010565983,0.0026176495,0.002180296
1543.775,152.94138,3,3261,5611.777326107025,4692445,0.00043741343,4.3741345,0.5136598944664001,0.000102155,0.0030236905,0.0025862772
1548.4,155.52676,3,3264,5616.5547914505005,4697245,0.00043757394,4.3757396,0.25194740295410156,9.919981e-05,0.0029394256,0.0025018516
1548.4,157.05518,3,3267,5621.355491876602,4702045,0.00043753488,4.375349,0.38180261850357056,0.00010093514,0.0023673903,0.0019298554
1548.4,156.80571,2,3269,5626.13525557518,4705245,0.00043788995,4.3788996,0.37926602363586426,0.000102103484,0.002841856,0.0024039662
1530.975,152.16464,3,3272,5630.91726899147,4709348,0.00043776873,4.3776875,0.6079732179641724,0.00010012413,0.0026945102,0.0022567415
1530.975,151.74124,3,3275,5635.7074682712555,4714148,0.00043776006,4.3776007,-0.8088654279708862,9.653882e-05,0.003268076,0.002830316
1550.0,156.03242,2,3277,5640.492634296417,4717348,0.0004372581,4.372581,0.42568808794021606,0.00010198807,0.0027889495,0.0023516915
1550.0,155.53023,3,3280,5645.273487091064,4722148,0.00043746718,4.374672,0.4269270896911621,9.998922e-05,0.0022964764,0.0018590093
1550.0,156.32693,2,3282,5650.039730548859,4725348,0.00043713115,4.3713117,0.46200114488601685,9.942525e-05,0.0027892082,0.002352077
1550.0,156.69742,3,3285,5654.829074859619,4730148,0.00043703607,4.370361,0.3484671115875244,9.967203e-05,0.002555062,0.002118026
1550.0,156.92007,3,3288,5659.626993894577,4734948,0.00043726485,4.3726487,0.378212571144104,9.822553e-05,0.002317953,0.0018806881
1530.475,153.41495,3,3291,5664.424263954163,4738967,0.0004373402,4.373402,0.6310994625091553,9.728831e-05,0.0025945506,0.0021572104
1530.475,154.62492,2,3293,5669.186386108398,4742167,0.00043721817,4.372182,0.2677018642425537,0.00010406168,0.00264287,0.0022056517
1530.475,154.58853,3,3296,5673.973761558533,4746967,0.00043689192,4.3689194,0.24501556158065796,0.00010472472,0.0027436446,0.0023067528
1530.475,154.98886,2,3298,5678.756850719452,4750167,0.0004367189,4.367189,0.4313375949859619,0.00010194484,0.0025698298,0.002133111
1563.05,161.37437,3,3301,5683.5479481220245,4754967,0.00043603237,4.360324,0.3628740906715393,0.000100554855,0.0027965761,0.0023605437
1563.05,161.47998,2,3303,5688.31640291214,4758167,0.00043611068,4.361107,0.530580461025238,9.8714896e-05,0.0023447596,0.0019086489
1563.05,161.3354,3,3306,5693.129118680954,4762967,0.00043592203,4.3592205,0.38618898391723633,0.00010115885,0.002793812,0.00235789
1563.05,160.86734,2,3308,5697.9169063568115,4766167,0.00043586653,4.3586655,0.4672567844390869,0.00010001924,0.0026936051,0.0022577387
1580.475,165.54666,3,3311,5702.717562913895,4770967,0.00043553347,4.3553348,0.39648717641830444,0.00010019561,0.0025909394,0.002155406
1580.475,165.92136,3,3314,5707.507521152496,4775767,0.00043589983,4.3589983,0.2903183698654175,9.6157346e-05,0.0025759218,0.002140022
1580.475,165.65486,2,3316,5712.281148433685,4778967,0.00043577555,4.3577557,0.38443171977996826,0.00010037309,0.0024722624,0.0020364868
1580.475,166.33846,3,3319,5717.083126306534,4783767,0.00043585032,4.3585033,0.4532626271247864,0.00010105186,0.0025577976,0.0021219472
1580.475,167.16269,2,3321,5721.863765478134,4786967,0.00043568213,4.3568215,0.4164060950279236,9.65216e-05,0.002271697,0.0018360149
1580.475,166.32858,3,3324,5726.655834913254,4791767,0.00043567107,4.356711,-2.7256219387054443,9.900054e-05,0.004536709,0.004101038
1580.475,166.85251,2,3326,5731.444582700729,4794967,0.00043558245,4.3558245,0.4908634424209595,0.000104524486,0.00282804,0.0023924576
1580.475,165.92319,3,3329,5736.241364479065,4799767,0.0004353605,4.3536053,0.4404450058937073,9.8039614e-05,0.0026364834,0.002201123
1600.0,169.91647,3,3332,5741.033314466476,4804567,0.00043549537,4.354954,0.32485151290893555,0.00010142337,0.002494153,0.0020586578
1596.75,166.59157,2,3334,5745.815576553345,4807637,0.00043553833,4.3553834,0.2544703483581543,0.00010160313,0.0029260423,0.002490504
1561.55,159.74953,4,3338,5750.626201629639,4812629,0.00043557186,4.3557186,0.5867644250392914,0.00010065576,0.0027961552,0.0023605833
1561.55,159.20305,2,3340,5755.398770570755,4815829,0.00043540032,4.3540034,0.21533846855163574,9.869831e-05,0.0026668245,0.0022314242
1561.55,159.20499,3,3343,5760.187296867371,4820629,0.0004353865,4.353865,-0.3877856731414795,0.00010000076,0.0032772387,0.0028418521
1561.55,159.228,2,3345,5764.960638999939,4823829,0.00043518137,4.351814,0.43203240633010864,9.871184e-05,0.002728993,0.0022938116
1538.4,154.61798,3,3348,5769.75331735611,4827703,0.0004351046,4.351046,0.4872211217880249,9.684623e-05,0.0031435047,0.0027084001
1513.275,149.73976,4,3352,5774.56894659996,4833098,0.00043526935,4.3526936,0.5811058878898621,9.801921e-05,0.0027414449,0.0023061754
1485.5,145.25926,3,3355,5779.371578454971,4836787,0.00043477686,4.347769,0.621997207403183,0.00010155041,0.0032252632,0.0027904864
1474.125,141.73903,3,3358,5784.174441337585,4841132,0.00043476294,4.3476295,0.5073197782039642,9.930147e-05,0.0025745837,0.0021398207
1450.0,136.1279,3,3361,5788.963132858276,4844967,0.0004352943,4.352943,0.6946122944355011,0.00010274869,0.0025535696,0.0021182753
1446.475,133.98608,3,3364,5793.7510142326355,4849626,0.0004353271,4.353271,0.6483063697814941,0.000100380756,0.0024093825,0.0019740553
1446.475,133.47778,2,3366,5798.5379095077515,4852826,0.00043548897,4.35489,0.23846083879470825,9.8348726e-05,0.0026455668,0.0022100778
1446.475,134.13818,3,3369,5803.336437702179,4857626,0.00043525323,4.3525324,0.38421863317489624,0.00010144587,0.002648946,0.0022136928
1446.475,134.24275,2,3371,5808.104767084122,4860826,0.000434877,4.34877,0.4196696877479553,9.901491e-05,0.0026258226,0.0021909457
1424.175,132.53484,3,3374,5812.889487743378,4864604,0.0004348416,4.3484163,0.7072763442993164,0.00010267364,0.0030120462,0.0025772047
1459.375,139.41669,3,3377,5817.682515859604,4869404,0.00043444827,4.344483,0.004474043846130371,0.00010220197,0.0024645242,0.002030076
1459.375,139.60617,3,3380,5822.478765964508,4874204,0.0004343755,4.3437552,0.39847320318222046,9.6711214e-05,0.0025384598,0.0021040842
1459.375,140.07976,2,3382,5827.224462270737,4877404,0.00043381404,4.3381405,0.5203166306018829,9.7696786e-05,0.0025113027,0.0020774887
1409.4,129.78975,4,3386,5832.028446674347,4881805,0.0004337404,4.3374043,0.6322011053562164,0.000106171974,0.0028127537,0.0023790132
1424.8,130.58545,3,3389,5836.842299699783,4886295,0.0004334934,4.334934,0.5806754529476166,0.00010000984,0.002886812,0.0024533186
1404.525,124.74573,3,3392,5841.620392084122,4889279,0.0004334822,4.334822,0.6001823246479034,9.778353e-05,0.002636622,0.0022031397
1432.3,129.71954,3,3395,5846.409679174423,4894079,0.00043291916,4.3291917,0.19559252262115479,9.9457306e-05,0.0023502517,0.0019173324
1432.3,129.38074,2,3397,5851.20160651207,4897279,0.0004325682,4.325682,-0.05730175971984863,9.99491e-05,0.0026197862,0.002187218
1443.675,132.79655,3,3400,5855.976276397705,4902079,0.0004328884,4.328884,0.35708189010620117,9.799241e-05,0.0024318602,0.0019989717
1461.175,137.57776,3,3403,5860.758457899094,4906473,0.00043276296,4.3276296,0.6450958549976349,9.914511e-05,0.0030770337,0.0026442707
1461.175,137.29045,2,3405,5865.568453073502,4909673,0.00043272853,4.3272853,-5.5554022789001465,0.00010002726,0.0026441207,0.0022113922
1396.6,123.35533,5,3410,5870.383016586304,4915090,0.0004321935,4.321935,0.555721640586853,0.00010015114,0.0031268084,0.002694615
1351.425,112.235245,3,3413,5875.171015262604,4918083,0.0004319693,4.319693,0.7671732753515244,9.678703e-05,0.003229626,0.0027976567
1376.975,117.72007,3,3416,5879.97971701622,4922883,0.00043229765,4.3229766,-0.07067716121673584,9.816614e-05,0.0031397052,0.0027074076
1376.975,118.50215,2,3418,5884.757291555405,4926083,0.00043208,4.3208003,0.48454296588897705,9.764492e-05,0.0025140778,0.0020819977
1359.85,113.18174,3,3421,5889.552686691284,4930198,0.0004318954,4.318954,0.8766546845436096,9.921509e-05,0.0026150572,0.0021831617
1359.85,112.71183,3,3424,5894.332863807678,4934998,0.0004319796,4.319796,0.3268374800682068,9.70345e-05,0.0027413345,0.002309355
1404.4,122.20486,3,3427,5899.1364488601685,4939271,0.00043179616,4.3179617,0.6322606205940247,0.00010425042,0.0027066488,0.0022748527
1389.325,119.19883,3,3430,5903.926125764847,4943468,0.00043177183,4.3177185,0.691788524389267,9.692264e-05,0.0030492973,0.0026175254
1434.725,128.87955,2,3432,5908.709792852402,4946668,0.00043176,4.3176003,-6.571390628814697,9.946313e-05,0.0027944373,0.0023626774
1428.025,125.56118,3,3435,5913.508575439453,4951200,0.00043157657,4.315766,0.4212460517883301,0.00010171612,0.0030268675,0.002595291
1428.025,125.991165,3,3438,5918.291320323944,4956000,0.00043156752,4.3156753,0.3047086000442505,0.00010148602,0.0026190123,0.0021874448
1423.775,122.801346,2,3440,5923.062772274017,4959030,0.00043181417,4.318142,0.5367147624492645,9.719323e-05,0.0028109802,0.002379166
1433.925,127.1473,3,3443,5927.894872665405,4963830,0.00043156795,4.3156796,-1.1323575973510742,0.00010351851,0.0025702128,0.002138645
1433.925,127.39357,2,3445,5932.660455942154,4967030,0.00043120384,4.3120384,0.40573710203170776,0.00010335521,0.0028169232,0.0023857194
1498.5,140.96402,3,3448,5937.4628183841705,4971830,0.0004313385,4.313385,0.29173165559768677,0.000102703474,0.0026849841,0.0022536456
1529.2,148.72958,3,3451,5942.252404689789,4976630,0.00043103297,4.31033,0.41417109966278076,9.828231e-05,0.0026939986,0.0022629655
1515.3,147.98502,3,3454,5947.049001693726,4980295,0.00043072208,4.307221,0.6631507873535156,0.00010061044,0.0028020875,0.0023713654
1515.3,148.56534,2,3456,5951.797716140747,4983495,0.00043067994,4.3067994,0.10121536254882812,9.9251076e-05,0.0030740183,0.0026433384
1515.3,148.57431,3,3459,5956.58061003685,4988295,0.0004305084,4.305084,0.4074603319168091,9.818374e-05,0.0025141016,0.002083593
1532.425,153.70502,2,3461,5961.367136001587,4991495,0.00043045744,4.3045745,0.29114973545074463,9.7075535e-05,0.0026467866,0.002216329
1519.2,149.7651,4,3465,5966.167336463928,4996839,0.00043028654,4.3028655,0.6194294095039368,9.614408e-05,0.002894942,0.0024646553
1519.2,150.0699,2,3467,5970.951475858688,5000039,0.00043052871,4.3052874,-3.930032730102539,9.879915e-05,0.0026103274,0.0021797987
